x,y
0.0,0.0
-9.1,0.6
-17.1,1.3
-25.1,1.8
-31.9,2.2
-36.5,3.1
-41.0,3.7
-42.3,4.8
-43.5,5.7
-46.0,7.5
-46.4,11.2
-45.8,15.9
-45.2,21.7
-44.8,28.7
-43.5,37.5
-41.1,47.5
-38.9,58.2
-37.9,70.1
-35.8,83.3
-33.9,96.7
-32.0,110.8
-30.1,125.7
-28.4,141.2
-25.5,157.7
-23.9,174.4
-21.2,191.3
-19.5,208.0
-17.9,225.1
-15.1,242.3
-12.5,260.2
-10.9,278.1
-8.3,296.4
-5.7,315.0
-3.1,333.8
-0.5,352.5
2.0,371.4
3.5,390.3
6.0,409.5
8.5,428.9
9.9,448.2
12.3,467.9
13.7,487.6
15.0,507.4
16.3,527.5
17.7,547.6
17.8,568.0
17.9,588.3
16.8,608.9
16.9,629.6
15.8,650.4
15.9,671.4
13.7,692.5
12.5,713.8
10.3,735.0
8.0,756.2
4.7,777.3
2.4,798.2
-0.9,819.3
-4.2,840.2
-7.6,861.1
-12.1,881.7
-16.6,902.1
-21.0,922.3
-25.4,942.2
-30.9,961.7
-35.2,981.1
-41.8,999.9
-46.2,1018.9
-51.5,1037.5
-56.9,1056.1
-62.3,1074.3
-67.6,1092.2
-72.9,1109.8
-78.2,1127.4
-83.5,1144.7
-87.6,1162.2
-92.8,1179.3
-99.2,1196.1
-107.7,1212.2
-116.3,1227.9
-125.8,1242.7
-136.5,1257.2
-146.0,1271.5
-156.6,1285.6
-167.2,1299.7
-177.9,1313.5
-188.5,1327.5
-199.1,1341.5
-209.7,1355.5
-220.3,1369.3
-230.9,1382.7
-240.3,1395.8
-250.7,1408.6
-260.1,1421.3
-269.3,1433.9
-278.6,1446.1
-287.9,1458.0
-297.0,1469.5
-305.0,1480.4
-311.7,1490.6
-319.6,1499.8
-326.2,1508.7
-332.7,1516.7
-339.2,1524.5
-344.5,1532.2
-349.9,1539.6
-356.2,1546.5
-360.3,1552.8
-364.2,1558.1
-367.1,1562.7
-369.7,1566.4
-371.1,1568.7
-372.3,1569.7
-372.3,1569.9
-372.3,1569.7
-372.2,1569.3
-372.2,1569.1
-372.2,1568.9
-372.2,1568.7
-372.1,1568.4
-372.1,1568.2
-372.1,1568.1
-372.1,1567.8
-372.1,1567.7
-372.0,1567.5
-372.0,1567.4
-372.0,1567.2
-372.0,1567.0
-372.0,1566.8
-372.0,1566.8
-371.9,1566.6
-371.9,1566.4
-371.9,1566.3
-371.9,1566.3
-371.9,1566.1
-371.9,1566.0
-371.9,1565.9
-371.9,1565.8
-371.8,1565.7
-371.8,1565.6
-371.8,1565.6
-373.1,1566.5
-374.5,1569.2
-377.1,1573.2
-381.1,1577.9
-387.2,1583.4
-393.5,1588.9
-404.2,1592.7
-415.7,1595.0
-429.6,1596.6
-444.5,1598.1
-459.5,1599.7
-475.6,1601.1
-492.8,1602.4
-510.2,1604.2
-527.4,1606.0
-545.9,1607.6
-564.3,1609.5
-581.6,1611.4
-600.1,1613.1
-618.6,1614.9
-638.2,1616.5
-656.6,1618.3
-676.2,1620.2
-695.9,1622.0
-716.7,1624.0
-736.4,1626.1
-757.2,1628.5
-778.0,1630.5
-800.0,1632.5
-821.9,1634.6
-844.0,1636.7
-867.1,1638.8
-890.3,1641.1
-913.5,1643.4
-936.6,1645.6
-958.7,1648.0
-983.0,1650.1
-1005.0,1652.4
-1028.2,1654.6
-1051.2,1656.7
-1074.5,1659.2
-1097.7,1661.7
-1120.9,1664.2
-1145.2,1666.6
-1168.5,1669.0
-1192.8,1671.3
-1215.9,1673.9
-1240.3,1676.1
-1264.6,1678.2
-1288.9,1680.1
-1313.2,1682.1
-1337.5,1683.9
-1361.7,1686.0
-1386.2,1688.2
-1410.5,1691.1
-1434.9,1694.0
-1459.3,1697.2
-1482.6,1700.0
-1507.0,1702.7
-1531.4,1705.3
-1555.7,1707.5
-1578.8,1709.8
-1600.9,1711.9
-1622.9,1714.2
-1644.8,1716.1
-1665.7,1718.1
-1687.6,1719.9
-1708.4,1721.8
-1729.1,1723.7
-1748.9,1725.9
-1769.6,1728.2
-1789.4,1730.5
-1809.0,1732.7
-1829.9,1734.5
-1850.7,1736.3
-1871.4,1738.1
-1892.2,1740.1
-1913.0,1741.8
-1933.8,1743.8
-1955.8,1745.7
-1977.8,1747.6
-1999.7,1749.6
-2021.7,1751.7
-2043.6,1753.6
-2065.6,1755.4
-2086.4,1757.3
-2107.2,1759.2
-2129.1,1760.8
-2149.9,1762.6
-2171.9,1764.3
-2193.8,1766.2
-2214.6,1768.2
-2236.5,1770.0
-2257.4,1771.9
-2278.2,1773.9
-2298.9,1775.9
-2319.8,1777.6
-2339.4,1779.4
-2359.0,1781.0
-2378.6,1782.5
-2397.1,1784.3
-2416.7,1785.9
-2435.2,1787.9
-2453.7,1790.5
-2471.2,1794.8
-2487.9,1801.1
-2503.6,1809.2
-2519.4,1818.4
-2534.2,1828.2
-2550.0,1837.7
-2564.7,1847.3
-2580.5,1856.7
-2596.5,1866.6
-2612.4,1876.7
-2629.5,1887.1
-2646.7,1897.6
-2663.9,1908.4
-2682.1,1919.1
-2700.5,1930.1
-2718.8,1941.3
-2737.3,1953.1
-2756.8,1964.9
-2776.5,1976.9
-2796.1,1989.0
-2815.7,2001.0
-2835.3,2012.9
-2854.9,2024.9
-2874.6,2036.9
-2894.2,2048.7
-2913.7,2060.5
-2933.3,2072.4
-2953.0,2084.5
-2972.6,2096.7
-2992.3,2108.7
-3011.8,2120.6
-3030.3,2132.6
-3049.9,2144.4
-3069.4,2156.0
-3087.9,2167.6
-3106.3,2179.0
-3124.6,2190.0
-3142.9,2201.0
-3161.3,2212.0
-3179.7,2223.6
-3199.3,2235.3
-3218.8,2247.1
-3237.3,2258.9
-3255.7,2270.4
-3275.3,2281.7
-3293.6,2293.0
-3312.0,2304.1
-3330.3,2315.1
-3348.7,2326.0
-3367.0,2337.0
-3385.3,2347.9
-3403.7,2359.3
-3422.1,2370.9
-3439.4,2382.3
-3456.5,2393.5
-3474.9,2404.0
-3491.9,2413.6
-3511.0,2421.1
-3529.8,2426.0
-3548.4,2428.3
-3567.7,2428.0
-3584.7,2426.6
-3600.4,2425.0
-3616.3,2424.2
-3628.9,2425.4
-3640.7,2428.6
-3650.3,2433.9
-3656.7,2440.8
-3660.8,2448.3
-3661.7,2456.3
-3660.3,2464.3
-3657.8,2472.5
-3654.1,2481.3
-3651.8,2490.7
-3652.8,2500.2
-3657.1,2508.4
-3664.5,2514.3
-3672.6,2515.5
-3681.4,2513.3
-3690.9,2507.1
-3700.1,2496.6
-3709.3,2488.0
-3719.9,2480.0
-3731.7,2473.9
-3746.0,2469.3
-3760.4,2465.3
-3777.1,2461.4
-3793.8,2457.6
-3811.6,2453.6
-3829.5,2449.6
-3848.5,2445.1
-3868.5,2440.3
-3888.6,2435.1
-3908.5,2429.3
-3929.5,2422.8
-3949.4,2415.7
-3971.5,2407.9
-3992.4,2399.4
-4013.2,2390.3
-4035.1,2380.6
-4056.9,2370.6
-4078.8,2360.5
-4100.7,2350.3
-4122.6,2340.1
-4143.3,2330.0
-4165.1,2319.6
-4186.9,2309.5
-4208.8,2299.3
-4229.6,2289.2
-4251.4,2279.0
-4272.1,2269.1
-4294.0,2259.1
-4314.7,2249.3
-4335.5,2239.6
-4356.2,2229.9
-4375.8,2220.5
-4396.5,2210.9
-4416.1,2201.3
-4436.9,2191.8
-4456.5,2182.5
-4477.3,2173.0
-4496.9,2163.5
-4516.5,2154.1
-4534.9,2144.7
-4554.6,2135.1
-4574.1,2125.7
-4593.7,2116.1
-4613.3,2106.7
-4633.0,2097.4
-4652.5,2088.0
-4672.2,2078.6
-4691.8,2069.4
-4711.4,2060.2
-4729.9,2051.2
-4748.4,2042.4
-4767.0,2033.7
-4785.5,2024.9
-4804.0,2016.3
-4822.5,2007.4
-4842.2,1998.4
-4860.6,1989.6
-4879.1,1980.6
-5465.8,1828.3
-5481.3,1824.1
-5488.0,1822.7
-5504.7,1819.2
-5521.4,1815.5
-5538.2,1811.7
-5554.9,1808.1
-5571.6,1804.6
-5587.2,1801.2
-5603.9,1797.7
-5620.6,1794.1
-5637.4,1790.5
-5655.2,1786.7
-5671.9,1783.0
-5690.9,1778.9
-5708.7,1775.1
-5727.8,1770.9
-5746.8,1766.9
-5765.8,1762.7
-5785.9,1758.6
-5804.8,1754.5
-5823.8,1750.3
-5842.8,1746.3
-5860.7,1742.3
-5878.6,1738.4
-5896.5,1734.3
-5914.2,1730.6
-5930.9,1726.9
-5948.8,1723.1
-5965.5,1719.5
-5983.4,1715.8
-5999.0,1712.2
-6016.9,1708.5
-6033.6,1704.9
-6049.2,1701.4
-6064.8,1698.1
-6080.4,1695.1
-6096.0,1692.1
-6110.5,1689.3
-6126.2,1686.4
-6140.7,1683.7
-6156.3,1680.7
-6170.8,1677.9
-6186.4,1674.5
-6202.0,1671.2
-6216.5,1668.0
-6230.9,1664.6
-6246.6,1661.4
-6260.9,1658.0
-6275.4,1654.8
-6291.0,1651.5
-6304.3,1648.5
-6317.7,1645.6
-6332.2,1642.5
-6345.5,1639.5
-6357.7,1636.8
-6369.9,1634.2
-6382.1,1631.7
-6395.5,1628.9
-6407.7,1626.2
-6419.8,1623.4
-6433.2,1620.6
-6446.6,1618.6
-6460.2,1618.1
-6472.8,1619.2
-6487.8,1620.4
-6501.5,1621.3
-6515.1,1621.3
-6527.6,1620.6
-6537.6,1619.6
-6545.4,1618.5
-6549.9,1617.6
-6554.3,1616.6
-6557.6,1615.9
-6559.7,1615.4
-6560.8,1615.1
-6560.8,1615.0
-6561.9,1614.6
-6563.1,1614.3
-6565.2,1613.6
-6569.6,1612.4
-6573.9,1611.0
-6578.3,1609.3
-6583.7,1607.2
-6590.2,1604.6
-6597.8,1601.1
-6605.3,1597.1
-6613.8,1592.4
-6622.4,1587.6
-6632.0,1582.6
-6642.9,1577.8
-6653.7,1573.4
-6667.0,1569.5
-6680.3,1566.0
-6693.5,1562.8
-6706.8,1559.5
-6721.3,1556.1
-6736.9,1552.7
-6752.4,1549.5
-6768.1,1546.4
-6783.7,1543.4
-6799.3,1540.5
-6815.0,1538.0
-6829.6,1535.6
-6845.2,1533.2
-6859.8,1531.0
-6875.6,1528.7
-6891.3,1526.5
-6907.0,1524.1
-6921.5,1521.8
-6937.2,1519.3
-6952.8,1516.4
-6968.5,1513.3
-6983.0,1510.4
-6998.6,1507.8
-7014.3,1505.4
-7030.0,1503.1
-7045.7,1500.7
-7061.4,1498.5
-7078.2,1495.8
-7093.9,1493.3
-7109.6,1490.6
-7125.3,1488.0
-7140.9,1485.2
-7156.6,1482.9
-7172.4,1481.0
-7188.2,1479.4
-7204.0,1477.8
-7220.9,1476.0
-7237.7,1473.9
-7254.6,1471.8
-7272.6,1469.3
-7289.4,1467.1
-7307.5,1464.6
-7324.3,1462.2
-7341.2,1460.0
-7358.1,1457.5
-7376.1,1455.1
-7392.9,1452.6
-7409.8,1450.3
-7427.8,1447.8
-7444.6,1445.5
-7461.4,1443.0
-7479.5,1440.6
-7497.5,1438.1
-7515.5,1435.7
-7532.4,1433.3
-7550.4,1430.8
-7568.3,1428.1
-7586.3,1425.6
-7604.3,1423.0
-7622.3,1420.6
-7640.3,1418.2
-7658.4,1415.8
-7675.2,1413.5
-7693.3,1411.3
-7711.2,1409.1
-7729.3,1407.1
-7747.4,1405.1
-7766.6,1403.1
-7785.8,1401.2
-7805.0,1399.2
-7824.2,1397.3
-7843.4,1395.3
-7863.9,1393.4
-7883.1,1391.5
-7902.3,1389.5
-7922.7,1387.4
-7940.7,1385.5
-7959.9,1383.6
-7978.0,1381.7
-7997.2,1379.9
-8015.3,1378.1
-8033.4,1376.1
-8050.3,1374.3
-8068.4,1372.5
-8085.3,1371.0
-8103.5,1369.8
-8120.4,1368.9
-8137.5,1368.3
-8154.5,1367.4
-8170.3,1366.0
-8187.2,1364.2
-8203.0,1362.6
-8218.8,1360.8
-8234.6,1359.3
-8249.2,1357.9
-8265.0,1356.2
-8279.7,1354.8
-8293.1,1353.5
-8307.7,1352.0
-8321.3,1350.4
-8334.7,1349.0
-8347.1,1347.4
-8359.4,1345.9
-8370.5,1344.2
-8380.6,1342.8
-8390.7,1342.3
-8399.9,1343.4
-8407.1,1346.9
-8413.3,1351.8
-8420.5,1357.0
-8427.8,1361.1
-8435.9,1363.2
-8444.9,1362.7
-8453.6,1359.5
-8462.1,1353.4
-8469.2,1345.3
-8474.9,1335.8
-8481.8,1325.7
-8491.0,1315.7
-8500.2,1305.9
-8509.4,1296.0
-8520.7,1285.1
-8532.1,1273.8
-8542.3,1262.3
-8552.4,1250.3
-8562.4,1237.6
-8572.4,1224.1
-8582.3,1210.1
-8591.0,1195.6
-8599.7,1180.9
-8608.4,1165.9
-8617.0,1151.0
-8626.9,1136.4
-8635.6,1122.0
-8644.4,1107.6
-8654.3,1093.1
-8664.1,1078.6
-8674.0,1064.2
-8685.0,1049.5
-8694.8,1035.1
-8707.0,1020.6
-8718.1,1006.6
-8730.3,993.1
-8743.8,979.6
-8756.1,967.1
-8768.5,954.8
-8782.1,942.9
-8794.5,931.6
-8809.3,920.1
-8823.0,909.1
-8837.8,898.2
-8851.5,887.6
-8866.4,876.7
-8880.0,865.8
-8893.7,855.2
-8907.4,844.5
-8919.9,834.2
-8933.7,823.7
-8946.2,813.2
-8960.0,802.8
-8971.5,793.1
-8984.1,783.6
-8995.6,774.4
-9007.2,765.1
-9018.8,755.7
-9031.4,746.0
-9045.1,735.8
-9057.7,725.3
-9072.4,714.0
-9087.2,702.1
-9101.9,689.8
-9117.7,677.3
-9132.4,664.8
-9149.3,651.9
-9165.1,639.0
-9182.0,626.3
-9200.1,613.5
-9218.3,601.1
-9237.6,588.5
-9256.9,575.8
-9278.5,562.7
-9298.8,549.3
-9321.5,535.5
-9344.1,521.4
-9369.0,507.0
-9392.8,492.5
-9417.7,477.6
-9443.8,462.6
-9470.9,447.0
-9498.1,431.5
-9525.2,415.7
-9553.5,399.4
-9581.8,382.9
-9610.1,366.5
-9638.3,350.2
-9666.6,333.6
-9694.8,317.0
-9723.1,300.3
-9751.2,283.6
-9779.5,267.2
-9807.8,250.9
-9836.1,234.6
-9864.3,218.4
-9891.5,202.3
-9919.7,186.4
-9946.9,171.3
-9973.1,157.0
-10000.4,142.8
-10026.5,128.4
-10051.4,113.8
-10076.4,99.2
-10100.2,84.8
-10125.1,70.2
-10150.0,55.8
-10176.1,41.0
-10201.0,26.5
-10226.0,11.8
-10250.9,-2.3
-10274.8,-16.0
-10298.6,-29.5
-10321.4,-42.3
-10344.1,-55.3
-10365.7,-68.7
-10386.0,-82.6
-10406.3,-96.9
-10426.6,-111.1
-10445.7,-125.2
-10466.0,-139.8
-10485.1,-154.2
-10505.4,-168.9
-10525.6,-183.7
-10545.8,-198.7
-10567.2,-213.7
-10589.7,-229.0
-10609.9,-244.0
-10631.3,-259.1
-10652.7,-274.0
-10674.1,-289.0
-10694.4,-303.9
-10715.7,-318.7
-10736.0,-333.1
-10756.3,-347.5
-10776.6,-361.7
-10795.8,-375.5
-10814.9,-389.1
-10834.1,-402.6
-10852.3,-415.7
-10871.4,-429.0
-10889.6,-441.9
-10908.8,-455.1
-10926.9,-468.1
-10945.0,-481.0
-10963.1,-493.8
-10981.3,-506.8
-11000.4,-520.0
-11018.6,-533.0
-11037.7,-546.4
-11056.9,-560.0
-11076.1,-573.7
-11094.1,-587.3
-11112.2,-601.0
-11129.0,-614.9
-11145.8,-629.1
-11161.5,-643.4
-11178.3,-658.2
-11192.7,-673.0
-11207.2,-687.7
-11221.6,-702.7
-11234.9,-718.0
-11248.1,-733.1
-11261.4,-748.5
-11274.6,-763.8
-11286.6,-779.3
-11299.8,-795.3
-11313.0,-811.3
-11326.2,-827.4
-11339.3,-843.8
-11352.4,-860.2
-11366.7,-876.7
-11379.8,-893.1
-11394.1,-909.8
-11408.3,-926.5
-11420.4,-942.8
-11433.6,-958.8
-11446.7,-974.9
-11459.9,-990.9
-11473.1,-1006.6
-11487.4,-1022.6
-11500.6,-1038.6
-11516.1,-1055.1
-11530.3,-1071.2
-11544.6,-1087.3
-11559.1,-1103.1
-11573.4,-1118.5
-11587.8,-1133.9
-11601.1,-1148.8
-11615.5,-1163.6
-11628.8,-1178.1
-11642.1,-1192.7
-11655.5,-1206.9
-11668.9,-1221.2
-11682.2,-1235.5
-11695.5,-1250.1
-11708.8,-1265.0
-11723.2,-1280.3
-11737.5,-1295.7
-11752.0,-1311.4
-11766.3,-1327.0
-11781.8,-1343.0
-11796.1,-1359.0
-11811.6,-1375.1
-11825.9,-1391.2
-11840.3,-1406.9
-11855.8,-1422.7
-11869.0,-1438.0
-11884.6,-1453.4
-11897.8,-1468.6
-11912.3,-1483.7
-11925.6,-1498.4
-11938.9,-1513.0
-11953.4,-1527.5
-11965.5,-1541.5
-11978.9,-1555.4
-11991.2,-1569.0
-12003.5,-1582.4
-12014.6,-1595.2
-12027.0,-1607.9
-12038.2,-1620.4
-12049.5,-1632.5
-12060.8,-1644.2
-12071.0,-1655.5
-12081.2,-1666.7
-12091.4,-1677.9
-12101.6,-1688.9
-12113.0,-1700.2
-12124.3,-1711.5
-12134.5,-1723.0
-12145.7,-1735.0
-12157.0,-1747.3
-12169.2,-1760.0
-12180.5,-1772.9
-12191.6,-1786.0
-12201.7,-1799.0
-12212.9,-1811.7
-12222.9,-1824.4
-12233.0,-1836.8
-12243.1,-1849.8
-12252.9,-1863.1
-12262.9,-1877.2
-12272.8,-1891.5
-12283.8,-1906.4
-12293.7,-1921.5
-12303.5,-1936.4
-12312.1,-1950.9
-12322.0,-1965.4
-12330.8,-1979.6
-12340.7,-1994.0
-12350.6,-2008.5
-12360.4,-2023.2
-12370.3,-2037.8
-12379.1,-2052.0
-12389.0,-2066.1
-12397.7,-2079.9
-12406.6,-2093.5
-12415.4,-2106.9
-12425.3,-2120.6
-12434.2,-2134.3
-12443.0,-2148.1
-12452.9,-2162.0
-12461.7,-2175.7
-12470.5,-2189.8
-12480.3,-2204.3
-12489.1,-2218.9
-12500.1,-2233.8
-12509.9,-2248.7
-12519.7,-2263.5
-12529.6,-2278.4
-12540.5,-2293.5
-12550.3,-2308.4
-12561.3,-2323.2
-12572.4,-2337.8
-12583.4,-2352.2
-12595.6,-2366.7
-12607.7,-2381.2
-12619.9,-2395.8
-12633.3,-2410.5
-12646.6,-2425.0
-12658.7,-2439.3
-12672.1,-2453.5
-12685.4,-2468.0
-12697.6,-2482.3
-12709.8,-2496.5
-12723.2,-2511.0
-12736.5,-2525.8
-12749.8,-2540.6
-12763.0,-2555.8
-12777.4,-2571.1
-12790.7,-2586.3
-12805.0,-2602.0
-12818.3,-2617.2
-12832.7,-2632.4
-12845.9,-2647.3
-12859.3,-2662.1
-12872.6,-2676.6
-12885.9,-2691.2
-12899.2,-2705.9
-12912.5,-2720.8
-12925.8,-2735.9
-12939.1,-2751.1
-12952.4,-2766.1
-12966.8,-2781.0
-12978.9,-2795.2
-12991.2,-2808.9
-13003.4,-2822.4
-13014.7,-2835.4
-13025.8,-2848.5
-13037.0,-2861.8
-13049.2,-2875.6
-13062.6,-2890.2
-13074.6,-2905.0
-13088.0,-2919.8
-13101.3,-2934.6
-13114.6,-2949.3
-13127.9,-2964.2
-13141.2,-2979.1
-13155.6,-2994.2
-13168.8,-3009.4
-13182.1,-3024.7
-13196.5,-3040.1
-13209.7,-3055.4
-13224.1,-3070.8
-13237.4,-3085.9
-13250.7,-3100.9
-13264.0,-3115.4
-13276.3,-3129.4
-13287.6,-3140.7
-13296.7,-3151.0
-13305.9,-3161.2
-13315.0,-3171.5
-13325.3,-3181.6
-13334.5,-3191.8
-13344.7,-3202.6
-13354.9,-3213.5
-13365.1,-3224.6
-13375.4,-3235.7
-13386.7,-3246.9
-13398.1,-3257.7
-13409.5,-3268.3
-13420.9,-3278.8
-13432.3,-3289.3
-13445.0,-3299.3
-13458.7,-3309.0
-13471.5,-3318.3
-13484.2,-3327.3
-13498.1,-3336.3
-13510.8,-3345.0
-13522.4,-3353.8
-13535.1,-3362.7
-13546.6,-3372.1
-13558.1,-3381.5
-13570.8,-3391.5
-13583.4,-3401.5
-13597.2,-3411.7
-13612.1,-3421.7
-13625.8,-3431.5
-13639.6,-3441.4
-13653.4,-3451.3
-13668.3,-3461.3
-13682.1,-3471.1
-13695.9,-3480.9
-13709.7,-3490.8
-13723.5,-3500.6
-13737.3,-3510.3
-13750.0,-3519.8
-13763.7,-3529.3
-13776.5,-3538.5
-13789.1,-3547.9
-13803.0,-3557.3
-13815.7,-3566.4
-13828.4,-3575.4
-13841.1,-3584.4
-13853.9,-3593.1
-13866.6,-3602.0
-13878.2,-3610.4
-13889.8,-3618.8
-13902.6,-3627.3
-13915.4,-3635.9
-13927.0,-3644.5
-13939.7,-3653.3
-13952.4,-3662.0
-13965.2,-3671.1
-13977.9,-3680.1
-13990.6,-3689.0
-14003.4,-3698.1
-14016.0,-3707.1
-14029.9,-3716.0
-14041.5,-3724.8
-14054.3,-3733.5
-14067.0,-3742.2
-14079.7,-3750.7
-14091.4,-3758.9
-14103.0,-3767.3
-14114.6,-3775.4
-14127.6,-3783.2
-14139.4,-3789.6
-14151.3,-3794.9
-14164.4,-3800.0
-14177.5,-3805.3
-14190.5,-3811.6
-14201.0,-3820.0
-14210.1,-3830.0
-14220.3,-3841.5
-14229.3,-3853.7
-14238.2,-3865.9
-14248.2,-3878.7
-14260.6,-3891.5
-14273.0,-3903.8
-14285.4,-3916.7
-14298.8,-3930.3
-14312.1,-3944.5
-14324.3,-3958.9
-14337.6,-3973.8
-14349.8,-3988.9
-14361.8,-4004.5
-14373.9,-4020.3
-14384.7,-4036.1
-14396.8,-4052.2
-14407.6,-4067.9
-14418.6,-4083.6
-14429.5,-4099.3
-14440.4,-4114.8
-14451.3,-4130.1
-14462.3,-4145.5
-14473.2,-4161.1
-14484.1,-4176.8
-14496.2,-4193.0
-14507.0,-4209.0
-14519.0,-4225.3
-14529.9,-4241.6
-14541.9,-4258.2
-14553.9,-4274.8
-14564.7,-4291.2
-14576.7,-4307.7
-14587.5,-4323.7
-14599.7,-4339.4
-14609.5,-4354.5
-14620.5,-4369.0
-14630.4,-4383.2
-14639.3,-4396.7
-14649.2,-4410.3
-14658.1,-4423.0
-14666.0,-4435.2
-14673.8,-4447.0
-14679.4,-4458.9
-14683.7,-4471.4
-14688.1,-4483.9
-14692.4,-4496.6
-14696.8,-4509.5
-14702.2,-4522.6
-14708.9,-4535.0
-14716.7,-4547.0
-14726.9,-4558.2
-14737.2,-4568.3
-14748.7,-4578.0
-14761.4,-4587.5
-14774.0,-4597.4
-14786.6,-4608.2
-14796.7,-4620.1
-14806.6,-4633.6
-14816.5,-4647.6
-14825.4,-4661.6
-14835.3,-4675.2
-14845.3,-4689.0
-14855.2,-4703.1
-14865.1,-4717.3
-14875.0,-4731.8
-14884.9,-4746.2
-14895.9,-4761.0
-14906.8,-4776.1
-14916.6,-4791.4
-14927.6,-4807.3
-14939.5,-4823.5
-14951.5,-4840.2
-14963.5,-4857.1
-14974.2,-4874.8
-14986.0,-4893.4
-14997.7,-4913.0
-15010.4,-4933.3
-15023.1,-4954.3
-15035.8,-4976.1
-15049.5,-4998.3
-15063.2,-5021.1
-15076.9,-5044.2
-15091.6,-5068.0
-15105.1,-5091.9
-15119.9,-5116.1
-15134.7,-5140.3
-15148.2,-5164.4
-15164.1,-5188.6
-15178.8,-5212.5
-15192.4,-5236.3
-15207.1,-5260.2
-15220.8,-5283.7
-15235.6,-5307.2
-15249.2,-5330.3
-15264.1,-5353.3
-15277.7,-5375.7
-15292.6,-5397.7
-15305.4,-5419.1
-15319.2,-5440.2
-15333.1,-5461.2
-15345.8,-5481.6
-15358.6,-5501.8
-15370.3,-5521.5
-15383.1,-5540.9
-15394.9,-5559.9
-15406.7,-5578.5
-15418.5,-5596.8
-15430.3,-5614.9
-15441.1,-5632.7
-15451.7,-5650.5
-15463.6,-5668.3
-15474.3,-5685.9
-15485.1,-5703.4
-15494.7,-5720.5
-15505.5,-5737.5
-15515.1,-5754.4
-15524.9,-5771.0
-15534.6,-5787.4
-15543.1,-5803.8
-15552.8,-5820.1
-15561.4,-5835.8
-15569.0,-5851.3
-15576.5,-5866.3
-15582.9,-5880.5
-15589.5,-5893.9
-15595.0,-5906.4
-15600.7,-5917.4
-15605.4,-5926.6
-15610.1,-5935.1
-15614.0,-5942.2
-15619.0,-5947.8
-15626.5,-5951.8
-15635.3,-5954.0
-15644.1,-5955.7
-15653.2,-5956.8
-15663.4,-5956.7
-15672.6,-5954.8
-15683.2,-5951.8
-15691.5,-5948.0
-15699.8,-5944.2
-15706.9,-5940.4
-15713.0,-5936.9
-15719.0,-5934.1
-15723.7,-5931.7
-15727.3,-5929.4
-15732.1,-5926.7
-15736.9,-5924.1
-15741.7,-5921.6
-15746.4,-5919.5
-15750.0,-5917.5
-15753.5,-5915.4
-15756.1,-5913.6
-15758.4,-5912.0
-15760.9,-5910.4
-15764.4,-5908.6
-15769.2,-5906.4
-15773.9,-5903.8
-15781.1,-5900.7
-15788.3,-5897.0
-15795.4,-5892.7
-15803.8,-5888.5
-15813.4,-5884.1
-15822.9,-5879.8
-15830.2,-5875.1
-15838.5,-5870.7
-15846.9,-5866.5
-15856.4,-5861.9
-15866.1,-5857.0
-15875.7,-5851.5
-15886.5,-5846.1
-15898.5,-5840.4
-15910.5,-5834.6
-15922.4,-5828.5
-15935.6,-5822.9
-15948.6,-5817.4
-15962.9,-5811.9
-15978.2,-5806.4
-15993.6,-5800.8
-16009.1,-5794.9
-16024.5,-5788.8
-16041.2,-5782.9
-16056.5,-5777.0
-16073.2,-5770.9
-16088.6,-5765.2
-16105.2,-5759.8
-16118.2,-5754.3
-16131.2,-5749.3
-16143.1,-5745.1
-16151.4,-5741.1
-16159.6,-5738.2
-16165.5,-5736.2
-16168.8,-5737.1
-16171.8,-5740.5
-16174.8,-5745.0
-16177.5,-5750.7
-16180.2,-5757.4
-16184.0,-5764.6
-16187.8,-5771.3
-16190.5,-5777.3
-16193.4,-5781.8
-16195.3,-5785.8
-16196.1,-5789.1
-16197.9,-5792.7
-16199.7,-5796.9
-16202.6,-5802.1
-16204.2,-5808.1
-16205.8,-5814.6
-16209.7,-5820.7
-16213.7,-5825.2
-16219.1,-5828.2
-16224.5,-5830.0
-16231.1,-5831.4
-16236.6,-5832.7
-16243.2,-5834.2
-16247.6,-5835.1
-16251.0,-5836.1
-16255.4,-5836.9
-16258.6,-5837.5
-16264.2,-5838.3
-16268.7,-5838.9
-16274.3,-5839.5
-16279.7,-5840.7
-16283.9,-5843.4
-16287.0,-5847.2
-16289.9,-5851.9
-16291.7,-5856.0
-16294.7,-5859.4
-16297.8,-5861.2
-16302.4,-5861.3
-16307.0,-5860.2
-16312.8,-5858.6
-16319.7,-5857.0
-16325.6,-5854.9
-16332.6,-5853.0
-16339.5,-5851.5
-16345.3,-5850.2
-16351.2,-5848.7
-16354.8,-5846.4
-16357.3,-5843.0
-16357.8,-5838.5
-16358.3,-5833.4
-16357.8,-5827.8
-16357.2,-5822.8
-16357.6,-5819.0
-16360.1,-5816.7
-16362.4,-5815.6
-16367.1,-5814.8
-16371.7,-5813.9
-16377.5,-5812.9
-16383.2,-5811.7
-16387.8,-5810.3
-16392.5,-5808.7
-16396.1,-5806.3
-16398.8,-5802.3
-16398.2,-5797.4
-16398.7,-5792.2
-16398.1,-5787.0
-16399.7,-5782.7
-16400.1,-5778.9
-16402.8,-5775.6
-16403.1,-5772.4
-16403.4,-5770.0
-16403.6,-5768.1
-16404.8,-5766.7
-16406.1,-5765.5
-16408.5,-5764.0
-16412.0,-5762.8
-16415.3,-5762.5
-16416.5,-5762.5
-16416.5,-5762.3
-16416.5,-5762.2
-16416.5,-5762.2
-16416.5,-5762.0
-16416.5,-5762.0
-16416.5,-5762.0
-16416.5,-5761.8
-16416.5,-5761.7
-16416.5,-5761.7
-16416.5,-5761.7
-16416.5,-5761.7
-16416.5,-5761.6
-16416.6,-5761.5
-16416.6,-5761.4
-16416.6,-5761.4
-16416.6,-5761.3
-16416.6,-5761.3
-16416.6,-5761.2
-16416.6,-5761.1
-16416.6,-5761.1
-16416.6,-5761.1
-16416.6,-5761.0
-16416.6,-5760.9
-16416.6,-5760.9
-16416.6,-5760.8
-16416.6,-5760.8
-16416.7,-5760.7
-16416.7,-5760.7
-16416.7,-5760.6
-16416.7,-5760.6
-16416.7,-5760.6
-16416.7,-5760.4
-16415.6,-5760.3
-16415.6,-5760.3
-16415.6,-5760.3
-16415.6,-5760.3
-16415.6,-5760.1
-16415.6,-5760.1
-16415.6,-5760.1
-16415.6,-5760.0
-16415.6,-5760.0
-16415.6,-5760.0
-16415.6,-5759.9
-16415.6,-5759.9
-16415.6,-5759.9
-16415.6,-5759.8
-16415.6,-5759.8
-16415.6,-5759.8
-16415.6,-5759.8
