x,y
0.0,0.0
1.7,-6.9
1.0,-13.7
-0.5,-18.7
-0.6,-21.2
-2.2,-23.1
-1.9,-23.7
-2.5,-25.1
-2.6,-27.7
-0.2,-30.6
4.4,-32.5
8.8,-34.3
15.6,-35.8
23.7,-37.5
32.2,-40.1
41.8,-42.5
51.6,-45.3
63.7,-47.6
74.9,-50.6
88.2,-52.9
101.4,-55.0
114.6,-57.0
128.7,-58.3
142.8,-59.4
156.7,-60.2
170.7,-61.1
184.6,-62.0
199.7,-62.4
213.6,-63.4
227.5,-64.2
241.5,-65.0
255.3,-65.6
268.0,-66.6
281.7,-67.0
295.4,-67.3
309.2,-67.6
321.6,-67.9
335.0,-67.6
348.2,-66.8
361.2,-65.3
372.8,-63.6
385.2,-61.0
397.4,-57.9
408.5,-55.3
420.6,-51.9
432.7,-48.5
443.7,-45.7
455.7,-42.1
468.6,-37.8
480.4,-33.8
492.0,-29.1
504.3,-23.4
516.4,-17.2
527.1,-10.7
537.6,-3.9
548.0,3.4
558.3,11.0
567.3,18.5
577.2,27.2
586.9,35.9
595.4,44.6
604.0,53.2
613.6,62.2
622.2,71.0
631.7,80.1
640.2,88.7
649.8,98.0
658.3,106.6
666.8,115.4
675.5,124.0
684.1,132.4
692.7,140.7
700.3,148.6
709.2,156.9
716.9,164.6
725.6,172.7
733.3,180.5
740.9,188.3
747.5,195.9
751.9,202.8
756.3,209.5
759.8,215.5
763.6,220.9
765.7,224.5
769.1,227.9
769.6,229.3
770.5,230.3
770.5,230.3
769.5,229.8
769.5,229.6
769.5,229.6
769.6,229.5
769.6,229.5
769.6,229.4
769.6,229.3
768.6,228.9
768.6,228.9
769.6,229.4
769.4,229.9
769.9,231.7
770.8,235.1
772.6,239.7
774.3,244.2
777.1,248.9
779.1,252.6
780.5,255.0
781.0,256.7
781.7,257.8
781.7,257.9
782.7,258.5
782.6,258.6
782.6,258.7
782.4,259.1
784.0,261.0
785.3,263.6
788.7,267.2
789.7,270.5
789.4,273.9
786.3,275.4
783.0,274.6
780.8,271.1
778.4,265.5
775.3,258.6
772.3,251.2
768.4,243.3
764.5,235.2
759.9,226.2
755.2,217.1
749.5,207.7
742.6,198.1
735.5,189.0
727.1,179.9
717.5,170.7
708.1,161.3
697.6,151.4
687.1,141.3
676.7,131.1
665.4,120.4
655.1,110.2
644.7,100.1
634.2,90.0
623.8,79.9
613.4,69.7
603.3,59.1
592.9,48.9
581.5,38.1
570.1,27.4
559.5,17.7
548.6,8.6
536.5,-0.4
525.1,-8.1
513.4,-15.4
500.5,-22.6
489.4,-28.2
475.9,-33.9
464.2,-38.1
452.2,-41.9
442.4,-44.6
434.6,-46.5
429.0,-47.7
426.7,-48.1
424.6,-48.8
424.5,-48.6
424.5,-48.6
424.5,-48.5
423.5,-49.0
421.7,-50.5
420.6,-53.6
421.2,-57.7
422.0,-62.5
423.0,-67.7
424.2,-73.2
423.6,-80.3
423.4,-88.3
422.4,-97.1
421.4,-106.1
420.8,-116.1
419.6,-127.4
418.4,-139.0
418.1,-149.5
417.4,-159.2
416.1,-167.6
415.7,-175.1
414.5,-183.5
413.6,-192.8
413.1,-202.8
411.7,-213.8
410.4,-225.2
409.0,-236.1
408.5,-246.1
407.5,-255.2
407.2,-262.9
405.8,-270.9
405.5,-278.7
404.3,-287.2
403.4,-296.4
402.5,-305.8
400.9,-316.2
400.5,-326.6
399.2,-337.7
397.8,-348.5
396.1,-358.7
395.0,-367.7
393.8,-376.1
393.4,-383.7
392.0,-391.8
390.9,-400.4
389.0,-410.1
387.0,-419.9
384.2,-430.3
381.4,-440.7
377.4,-451.5
373.6,-462.4
369.5,-472.9
365.2,-482.9
360.9,-492.6
358.1,-500.4
355.2,-507.7
352.4,-515.3
349.7,-523.4
345.3,-533.0
340.8,-542.5
336.2,-551.6
331.1,-559.8
326.7,-566.7
324.2,-572.0
320.4,-577.3
317.2,-581.3
313.1,-583.1
308.0,-582.6
302.0,-580.2
294.4,-576.9
287.8,-572.7
279.0,-569.5
271.2,-565.7
263.5,-562.1
257.2,-558.9
250.2,-557.0
245.3,-556.8
240.6,-559.9
236.5,-564.6
232.8,-570.4
228.3,-576.8
223.6,-583.0
218.6,-588.6
214.7,-593.3
212.5,-596.8
210.9,-598.8
210.0,-599.5
210.0,-599.5
210.0,-599.5
210.0,-599.5
210.0,-599.5
210.0,-599.5
210.0,-599.5
210.0,-599.5
210.0,-599.5
210.0,-599.5
210.0,-599.5
210.0,-599.5
210.0,-599.5
210.0,-599.5
210.0,-599.5
210.0,-599.5
210.0,-599.5
210.0,-599.5
210.0,-599.5
210.0,-599.5
210.0,-599.5
210.0,-599.5
210.0,-599.5
210.0,-599.5
210.0,-599.5
209.0,-600.0
209.2,-600.3
208.2,-600.9
208.4,-601.3
209.5,-601.1
210.0,-602.2
211.7,-603.5
214.4,-604.1
217.6,-603.0
221.0,-599.6
223.9,-594.9
226.4,-589.4
229.5,-582.6
234.7,-574.6
238.0,-568.1
241.8,-562.7
245.2,-559.3
250.4,-557.3
255.6,-557.9
262.4,-559.6
269.7,-562.4
277.3,-565.7
286.1,-569.0
293.9,-572.8
300.5,-576.5
306.4,-579.1
309.8,-581.2
311.7,-582.6
313.2,-583.4
313.9,-584.9
313.9,-587.7
313.1,-591.6
311.5,-596.3
308.7,-601.2
307.1,-605.9
303.6,-611.8
300.3,-618.5
296.1,-625.8
293.1,-632.8
289.1,-640.7
284.5,-649.8
279.9,-659.2
275.6,-669.0
270.4,-679.6
265.1,-690.1
259.7,-700.4
255.1,-709.7
251.3,-717.7
247.3,-725.3
244.2,-732.5
240.1,-740.0
236.0,-747.5
232.0,-755.0
227.0,-763.5
222.3,-772.2
217.5,-781.3
211.6,-790.1
206.3,-797.8
201.6,-804.0
196.8,-809.8
191.2,-816.6
185.5,-823.4
179.2,-831.4
171.9,-840.2
164.8,-849.2
158.6,-857.6
152.2,-865.6
146.7,-872.6
141.9,-878.5
137.2,-884.4
131.6,-891.5
126.4,-899.3
120.5,-908.2
115.3,-916.2
109.8,-923.2
105.0,-929.1
101.1,-934.3
95.4,-940.9
89.8,-947.8
84.5,-955.4
78.4,-964.2
71.5,-973.7
65.0,-984.1
59.4,-993.8
53.5,-1002.9
49.3,-1010.2
44.8,-1016.7
42.0,-1021.5
39.1,-1026.2
35.1,-1031.1
33.1,-1034.8
29.9,-1038.6
27.4,-1041.5
25.2,-1044.9
25.5,-1048.4
28.0,-1051.4
32.5,-1053.2
38.8,-1053.7
47.4,-1053.6
56.0,-1053.8
66.0,-1053.8
75.9,-1054.2
85.9,-1054.7
97.0,-1054.6
107.7,-1053.9
118.2,-1052.5
129.5,-1050.3
141.7,-1047.1
153.9,-1044.1
166.3,-1041.3
177.7,-1039.3
190.3,-1036.9
203.8,-1034.3
215.5,-1032.8
228.5,-1031.5
240.8,-1031.4
254.3,-1031.2
267.9,-1031.4
281.8,-1032.0
294.6,-1033.3
308.6,-1034.3
321.5,-1035.6
333.4,-1037.6
346.3,-1038.8
356.7,-1040.2
367.0,-1041.0
374.7,-1042.0
381.4,-1043.4
386.4,-1046.4
390.6,-1050.5
393.1,-1056.2
396.1,-1062.8
400.2,-1069.6
403.5,-1077.4
408.3,-1085.5
414.3,-1093.6
421.4,-1101.4
430.3,-1107.9
438.2,-1114.6
447.0,-1121.0
454.8,-1127.6
462.8,-1134.6
469.8,-1142.3
478.1,-1149.7
486.1,-1156.9
494.0,-1163.8
503.7,-1169.1
515.3,-1173.1
526.7,-1176.7
540.3,-1179.6
552.9,-1183.3
566.8,-1186.9
580.8,-1190.5
593.6,-1194.6
607.5,-1198.2
621.4,-1201.7
634.1,-1205.3
648.8,-1208.2
663.8,-1211.2
679.9,-1214.2
696.1,-1217.3
712.4,-1220.7
727.7,-1224.7
743.0,-1228.8
758.6,-1233.1
773.3,-1238.7
787.3,-1245.4
800.6,-1253.3
814.0,-1261.3
827.2,-1269.0
840.6,-1276.9
854.0,-1285.1
867.2,-1292.9
880.5,-1300.6
894.5,-1307.4
907.5,-1314.5
921.4,-1320.9
934.3,-1327.9
947.2,-1334.8
959.9,-1341.4
972.5,-1347.7
984.0,-1354.2
994.1,-1360.6
1005.1,-1366.0
1015.7,-1370.5
1026.8,-1373.5
1038.3,-1374.6
1049.2,-1374.2
1061.8,-1372.0
1073.9,-1368.7
1085.8,-1364.7
1097.4,-1360.3
1107.6,-1355.5
1117.3,-1349.5
1125.0,-1341.8
1132.0,-1332.3
1138.3,-1321.3
1144.3,-1309.5
1151.2,-1297.2
1158.2,-1285.0
1165.6,-1273.7
1173.7,-1263.8
1183.3,-1254.8
1194.5,-1246.4
1205.9,-1238.5
1217.3,-1230.7
1229.6,-1222.3
1240.9,-1214.1
1253.2,-1205.7
1265.6,-1197.2
1277.9,-1188.8
1289.4,-1181.0
1302.0,-1172.9
1313.5,-1165.4
1324.0,-1158.5
1333.6,-1152.2
1341.3,-1147.2
1347.8,-1142.8
1353.6,-1138.9
1358.4,-1136.1
1361.6,-1134.9
1363.8,-1134.3
1365.0,-1134.2
1365.0,-1134.2
1365.0,-1134.2
1364.0,-1134.7
1364.0,-1134.7
1364.0,-1134.7
1364.0,-1134.7
1364.0,-1134.8
1365.2,-1134.8
1367.0,-1136.0
1370.5,-1138.6
1373.6,-1143.0
1376.2,-1148.7
1380.3,-1155.5
1385.0,-1163.3
1389.8,-1171.8
1395.1,-1181.1
1400.8,-1191.4
1406.9,-1202.4
1413.2,-1214.0
1418.7,-1226.7
1426.7,-1239.5
1433.8,-1253.0
1441.1,-1266.9
1448.3,-1280.8
1455.5,-1294.5
1462.7,-1308.0
1468.7,-1321.9
1475.8,-1335.4
1482.9,-1349.2
1490.3,-1363.0
1498.7,-1376.9
1505.1,-1391.6
1512.7,-1406.2
1520.3,-1420.9
1528.1,-1435.9
1536.8,-1450.5
1544.6,-1465.6
1551.4,-1481.1
1559.2,-1496.3
1567.0,-1511.5
1575.8,-1525.8
1583.2,-1540.2
1590.8,-1554.8
1597.9,-1571.2
1605.9,-1586.7
1613.7,-1601.8
1621.5,-1616.9
1629.0,-1631.4
1638.6,-1645.0
1648.1,-1658.3
1656.6,-1672.0
1666.1,-1685.4
1675.6,-1698.9
1686.6,-1712.9
1696.6,-1727.3
1707.7,-1741.3
1717.6,-1755.5
1728.5,-1769.2
1738.3,-1783.2
1746.9,-1797.5
1754.6,-1812.2
1763.2,-1826.6
1771.9,-1840.9
1778.6,-1856.3
1786.4,-1871.2
1793.1,-1886.9
1801.0,-1902.0
1808.9,-1917.6
1816.9,-1933.1
1823.9,-1949.2
1831.0,-1965.4
1839.0,-1981.1
1847.0,-1996.5
1853.6,-2011.9
1861.3,-2026.6
1868.7,-2041.0
1877.1,-2054.5
1885.3,-2067.9
1894.5,-2080.4
1904.6,-2092.1
1915.5,-2103.0
1926.2,-2113.5
1937.7,-2123.0
1950.9,-2130.6
1964.8,-2137.3
1979.9,-2143.4
1995.0,-2149.8
2011.2,-2155.8
2026.3,-2162.1
2042.4,-2167.8
2057.4,-2173.8
2072.4,-2179.9
2087.4,-2185.9
2102.4,-2192.0
2117.3,-2198.1
2132.4,-2204.4
2146.5,-2211.3
2161.7,-2217.6
2177.0,-2224.5
2190.2,-2232.2
2203.5,-2240.2
2214.9,-2249.4
2226.6,-2259.1
2236.2,-2270.0
2244.1,-2282.3
2250.9,-2295.3
2256.8,-2308.9
2260.5,-2323.1
2264.2,-2337.3
2265.6,-2351.9
2267.0,-2366.4
2267.2,-2381.1
2267.4,-2395.9
2267.6,-2410.4
2267.8,-2425.0
2267.9,-2439.4
2267.0,-2454.6
2267.4,-2469.6
2266.4,-2484.6
2266.5,-2499.0
2266.3,-2512.8
2266.1,-2526.4
2265.8,-2540.1
2265.7,-2553.9
2265.5,-2567.7
2264.4,-2582.2
2264.4,-2596.4
2264.6,-2611.0
2263.7,-2625.9
2263.8,-2640.4
2262.9,-2655.3
2263.0,-2669.9
2262.2,-2685.1
2261.6,-2700.6
2260.8,-2716.1
2261.4,-2731.4
2260.7,-2747.3
2261.2,-2762.3
2260.4,-2777.8
2259.6,-2793.0
2259.8,-2807.7
2259.9,-2822.1
2259.9,-2836.3
2259.9,-2850.4
2259.7,-2864.3
2258.5,-2878.5
2258.1,-2891.6
2258.2,-2903.3
2257.8,-2913.7
2257.8,-2922.2
2257.2,-2929.1
2256.9,-2934.1
2257.4,-2938.0
2256.6,-2941.9
2256.7,-2944.9
2256.5,-2947.3
2256.3,-2949.6
2256.4,-2952.6
2257.0,-2956.9
2256.8,-2962.1
2256.0,-2968.6
2256.6,-2975.8
2256.7,-2984.4
2257.1,-2993.8
2257.3,-3002.7
2257.1,-3010.7
2256.3,-3017.4
2254.9,-3022.5
2249.7,-3024.9
2243.1,-3026.4
2235.9,-3026.8
2226.1,-3026.7
2216.4,-3027.3
2205.6,-3027.6
2194.5,-3027.6
2183.3,-3027.2
2170.9,-3027.1
2157.5,-3027.3
2145.2,-3027.3
2130.6,-3027.9
2117.1,-3028.1
2103.7,-3028.3
2089.1,-3029.1
2075.9,-3029.7
2063.7,-3030.1
2051.7,-3030.9
2042.1,-3031.3
2034.9,-3031.6
2028.7,-3031.4
2024.1,-3029.2
2021.0,-3025.0
2019.6,-3018.9
2017.6,-3011.4
2013.9,-3003.0
2010.9,-2993.1
2006.5,-2983.1
2003.2,-2972.5
2000.0,-2962.1
1997.9,-2952.0
1997.4,-2942.4
1996.4,-2934.3
1996.8,-2926.9
1997.7,-2920.3
1997.9,-2915.3
1997.4,-2911.2
1996.3,-2908.7
1994.6,-2907.4
1993.1,-2906.9
1992.9,-2906.4
1992.9,-2906.4
1992.9,-2906.5
1993.0,-2906.6
1993.0,-2906.7
1993.1,-2906.8
1993.1,-2906.9
1993.1,-2907.0
1993.2,-2907.1
1993.3,-2907.2
1993.3,-2907.4
1993.4,-2907.5
1993.4,-2907.5
1993.4,-2907.7
1993.5,-2907.8
1993.5,-2907.8
1993.6,-2908.0
1993.6,-2908.0
1993.7,-2908.1
1993.7,-2908.3
1993.8,-2908.4
1993.8,-2908.4
1993.8,-2908.4
1993.8,-2908.6
1993.9,-2908.6
1993.9,-2908.6
1993.9,-2908.7
1994.0,-2908.9
1994.0,-2908.9
1994.0,-2909.0
1994.1,-2909.0
1994.1,-2909.2
1994.1,-2909.2
1994.1,-2909.2
1994.1,-2909.2
1994.2,-2909.3
1994.2,-2909.5
1994.2,-2909.5
1994.3,-2909.6
1994.3,-2909.6
1994.3,-2909.6
1994.4,-2909.8
1994.4,-2909.8
1994.4,-2909.8
1994.4,-2909.8
1994.4,-2909.9
1994.4,-2909.9
1994.4,-2909.9
1994.5,-2910.1
1994.5,-2910.1
1994.5,-2910.2
1994.5,-2910.2
1994.5,-2910.2
1994.6,-2910.2
1994.6,-2910.2
1994.6,-2910.4
1994.6,-2910.4
1994.6,-2910.4
1994.6,-2910.4
1994.6,-2910.4
1994.7,-2910.5
1994.7,-2910.5
1994.8,-2910.7
1994.8,-2910.7
1994.8,-2910.7
1994.8,-2910.8
1994.8,-2910.8
1994.8,-2910.8
1994.8,-2910.8
1994.8,-2910.8
1994.8,-2910.8
1994.8,-2910.8
1994.8,-2910.8
1994.8,-2910.8
1994.9,-2911.0
1994.9,-2911.0
1994.9,-2911.0
1994.9,-2911.0
1994.9,-2911.0
1994.9,-2911.1
1994.9,-2911.1
1994.9,-2911.1
1994.9,-2911.1
1994.9,-2911.1
1994.9,-2911.1
1994.9,-2911.1
1994.9,-2911.1
1994.9,-2911.1
1994.9,-2911.1
1994.9,-2911.1
1994.9,-2911.1
1994.9,-2911.1
1996.0,-2910.7
1996.0,-2910.7
1996.0,-2910.7
1996.0,-2910.7
1996.0,-2910.7
1996.0,-2910.7
1995.9,-2910.6
1995.9,-2910.6
1995.9,-2910.6
1995.9,-2910.6
1995.9,-2910.6
1995.9,-2910.5
1995.9,-2910.5
1995.9,-2910.5
1995.9,-2910.5
1995.9,-2910.5
1995.9,-2910.5
1995.9,-2910.6
1995.9,-2910.6
1995.9,-2910.6
1995.9,-2910.6
1995.9,-2910.5
1995.9,-2910.5
1995.9,-2910.5
1995.8,-2910.4
1995.8,-2910.4
1995.8,-2910.4
1995.8,-2910.4
1995.8,-2910.3
1995.8,-2910.3
1995.8,-2910.3
1995.8,-2910.3
1995.8,-2910.3
1995.8,-2910.3
1995.8,-2910.2
1995.8,-2910.2
1995.8,-2910.2
1995.8,-2910.2
1995.8,-2910.2
1995.8,-2910.2
1995.8,-2910.2
1995.7,-2910.1
1995.7,-2910.1
1995.7,-2910.1
1995.7,-2910.1
1995.7,-2910.1
1995.7,-2910.1
1995.7,-2910.1
1995.7,-2910.0
1995.7,-2910.0
1995.7,-2910.0
1995.7,-2910.0
1995.7,-2910.0
1995.7,-2910.0
1995.6,-2909.9
1995.6,-2909.9
1995.6,-2909.9
1995.6,-2909.9
1995.6,-2909.9
1995.6,-2909.9
1995.6,-2909.8
1995.6,-2909.8
1995.6,-2909.8
1995.6,-2909.8
1995.6,-2909.8
1995.6,-2909.8
1995.6,-2909.7
1995.6,-2909.7
1995.6,-2909.7
1995.6,-2909.7
1996.6,-2909.3
1996.5,-2909.2
1996.5,-2909.0
1996.5,-2909.0
1996.4,-2908.9
1996.4,-2908.9
1996.4,-2908.9
1996.4,-2908.7
1996.4,-2908.7
1996.3,-2908.7
1996.3,-2908.7
1996.3,-2908.7
1996.3,-2908.7
1996.3,-2908.7
1996.3,-2908.7
1996.3,-2908.7
1996.3,-2908.7
1996.3,-2908.7
1996.3,-2908.7
1996.3,-2908.7
1996.3,-2908.7
1996.3,-2908.7
1996.3,-2908.7
1996.3,-2908.7
1996.3,-2908.7
1996.3,-2908.7
1996.3,-2908.7
1996.3,-2908.7
1996.4,-2908.7
1996.4,-2908.7
1996.4,-2908.7
1996.4,-2908.7
1996.4,-2908.7
1996.4,-2908.7
1996.4,-2908.7
1996.4,-2908.7
1996.4,-2908.7
1996.4,-2908.7
1996.4,-2908.7
1996.4,-2908.7
1996.4,-2908.7
1996.4,-2908.7
1996.4,-2908.7
1996.4,-2908.7
1996.4,-2908.7
1996.4,-2908.7
1996.3,-2908.7
1996.3,-2908.7
1996.3,-2908.7
1996.3,-2908.7
1996.3,-2908.7
1996.3,-2908.7
1996.3,-2908.7
1996.3,-2908.7
1996.3,-2908.7
1996.3,-2908.6
1996.3,-2908.6
1996.3,-2908.6
1996.2,-2908.5
1996.2,-2908.5
1996.2,-2908.3
1996.2,-2908.3
1996.2,-2908.3
1996.2,-2908.3
1996.1,-2908.3
1996.1,-2908.3
1996.1,-2908.3
1996.1,-2908.3
1996.1,-2908.2
1996.1,-2908.2
1996.1,-2908.2
1996.1,-2908.2
1996.1,-2908.1
1996.1,-2908.1
1996.1,-2908.1
1996.0,-2908.0
1996.0,-2908.0
1996.0,-2908.0
1996.0,-2908.0
1996.0,-2908.0
1996.0,-2908.0
1996.0,-2908.0
1996.0,-2908.0
1996.0,-2908.0
1996.0,-2908.0
1996.1,-2908.1
1996.1,-2908.1
1996.1,-2908.1
1996.1,-2908.1
1996.1,-2908.1
1996.1,-2908.1
1996.1,-2908.1
1996.1,-2908.1
1996.1,-2908.1
1996.1,-2908.1
1996.1,-2908.1
1996.1,-2908.1
1996.1,-2908.1
1996.1,-2908.1
1996.1,-2908.1
1996.1,-2908.1
1996.1,-2908.1
1996.1,-2908.1
1996.1,-2908.1
1996.1,-2908.1
1996.1,-2908.1
1996.1,-2908.1
1996.1,-2908.1
1996.1,-2908.1
1996.1,-2908.1
1996.1,-2908.1
1996.1,-2908.1
1996.1,-2908.1
1996.1,-2908.1
1996.1,-2908.1
1996.1,-2908.1
1996.1,-2908.1
1996.1,-2908.1
1996.1,-2908.1
1996.1,-2908.1
1996.1,-2908.1
1996.1,-2908.1
1996.1,-2908.1
1996.1,-2908.1
1996.1,-2908.1
1996.1,-2908.1
1996.1,-2908.1
1996.1,-2908.1
1996.1,-2908.1
1996.1,-2908.2
1996.1,-2908.2
1996.1,-2908.2
1996.1,-2908.2
1996.1,-2908.2
1996.1,-2908.2
1996.1,-2908.2
1996.1,-2908.2
1996.1,-2908.3
1996.1,-2908.3
1996.1,-2908.3
1996.2,-2908.5
1996.3,-2908.7
1996.4,-2908.9
1996.5,-2909.2
1997.7,-2909.0
1997.8,-2909.3
1997.9,-2909.5
1997.9,-2909.6
1998.0,-2909.7
1998.1,-2909.9
1998.1,-2910.1
1998.3,-2910.3
1998.5,-2910.8
1999.8,-2911.2
2000.2,-2912.1
2000.7,-2913.3
2001.2,-2914.5
2002.7,-2915.1
2003.0,-2915.9
2004.2,-2915.9
2005.3,-2915.5
2005.3,-2915.5
2004.3,-2916.1
2003.5,-2916.9
2001.1,-2919.9
2000.3,-2923.5
1998.9,-2928.9
1999.2,-2935.0
2000.0,-2942.6
2001.4,-2951.4
2003.0,-2960.8
2005.8,-2970.2
2008.7,-2979.8
2012.8,-2988.9
2015.4,-2997.8
2017.8,-3006.3
2021.1,-3013.7
2022.8,-3020.5
2023.8,-3025.6
2025.0,-3028.5
2025.7,-3030.1
2026.4,-3031.6
2028.3,-3033.4
2032.4,-3034.1
2037.2,-3034.2
2043.2,-3033.7
2050.2,-3033.1
2059.6,-3032.0
2069.2,-3031.4
2078.8,-3030.9
2090.7,-3029.9
2101.6,-3029.6
2113.7,-3029.2
2125.9,-3028.9
2137.0,-3029.0
2149.1,-3028.6
2160.1,-3028.4
2171.0,-3028.2
2182.0,-3027.9
2192.9,-3027.7
2204.0,-3027.6
2215.1,-3027.5
2226.0,-3027.2
2234.5,-3027.2
2242.9,-3026.7
2247.8,-3026.8
2251.4,-3026.5
2252.6,-3026.4
2252.6,-3026.5
2252.6,-3026.5
2252.7,-3026.6
2254.8,-3025.8
2257.4,-3023.6
2259.4,-3019.8
2259.8,-3014.9
2260.4,-3007.9
2260.4,-2999.5
2261.1,-2989.7
2260.3,-2979.5
2260.4,-2968.3
2261.3,-2956.3
2261.0,-2944.2
2260.5,-2931.6
2260.7,-2917.9
2260.8,-2903.9
2260.8,-2889.7
2260.8,-2875.7
2262.0,-2861.0
2262.0,-2847.0
2261.9,-2832.4
2261.6,-2817.7
2261.2,-2802.7
2262.0,-2787.0
2261.4,-2771.8
2262.0,-2756.0
2262.5,-2740.0
2262.0,-2724.6
2261.5,-2709.4
2262.3,-2694.1
2262.0,-2679.2
2262.8,-2664.0
2262.7,-2649.6
2263.8,-2635.0
2264.0,-2621.2
2263.3,-2608.3
2263.9,-2595.6
2264.3,-2585.0
2264.3,-2576.5
2262.8,-2570.3
2259.5,-2565.4
2255.4,-2561.8
2251.6,-2558.6
2250.0,-2554.8
2250.8,-2551.1
2249.8,-2548.8
2251.2,-2546.4
2250.9,-2545.7
2250.8,-2545.6
2250.8,-2545.6
2250.9,-2545.7
2250.9,-2545.7
2250.9,-2545.8
2250.9,-2545.8
2250.9,-2545.8
2250.9,-2545.8
2251.0,-2545.9
2251.0,-2545.9
2251.0,-2546.0
2251.0,-2546.0
2251.0,-2546.0
2251.1,-2546.1
2251.1,-2546.1
2251.1,-2546.1
2251.1,-2546.2
2251.1,-2546.2
2251.1,-2546.2
2251.1,-2546.3
2251.1,-2546.3
2251.1,-2546.3
2251.1,-2546.3
2251.1,-2546.3
2251.1,-2546.3
2251.1,-2546.3
2251.1,-2546.3
2251.1,-2546.3
2251.1,-2546.3
2251.1,-2546.3
2251.1,-2546.3
2251.1,-2546.3
2251.1,-2546.3
2251.1,-2546.2
2251.1,-2546.3
2251.1,-2546.3
2251.1,-2546.3
2251.1,-2546.3
2251.1,-2546.3
2251.1,-2546.3
2251.1,-2546.2
2251.1,-2546.2
2251.1,-2546.2
2251.1,-2546.1
2251.1,-2546.1
2251.1,-2546.1
2251.0,-2546.0
2251.0,-2546.0
2251.0,-2545.9
2251.0,-2545.9
2250.9,-2545.8
2250.9,-2545.8
2250.9,-2545.7
2250.9,-2545.7
2250.8,-2545.6
2250.8,-2545.6
2250.8,-2545.5
2250.8,-2545.5
2250.8,-2545.5
2250.8,-2545.5
2250.8,-2545.5
2250.8,-2545.5
2250.8,-2545.5
2250.8,-2545.6
2250.8,-2545.6
2250.8,-2545.6
2250.8,-2545.6
2250.8,-2545.6
2250.8,-2545.6
2250.8,-2545.6
2250.8,-2545.6
2250.8,-2545.4
2250.6,-2545.1
2251.6,-2544.5
2251.5,-2544.3
2251.3,-2543.9
2251.3,-2543.8
2251.2,-2543.6
2251.1,-2543.3
2251.0,-2543.2
2251.0,-2543.1
2250.9,-2542.9
2250.8,-2542.7
2250.8,-2542.7
2250.8,-2542.7
2250.8,-2542.7
2250.8,-2542.7
2250.8,-2542.8
2250.8,-2542.8
2250.8,-2542.8
2250.9,-2542.9
2250.9,-2542.9
2250.9,-2542.9
2250.9,-2543.0
2250.9,-2543.0
2251.0,-2543.1
2251.0,-2543.1
2251.0,-2543.1
2251.0,-2543.2
2251.0,-2543.2
2251.0,-2543.2
2251.0,-2543.2
2251.0,-2543.3
2251.0,-2543.3
2251.0,-2543.3
2251.1,-2543.3
2251.1,-2543.3
2251.1,-2543.3
2251.1,-2543.3
2251.1,-2543.5
2251.1,-2543.5
2251.1,-2543.5
2251.2,-2543.6
2251.2,-2543.6
2251.2,-2543.6
2251.2,-2543.6
2251.2,-2543.6
2251.2,-2543.6
2251.2,-2543.6
2251.1,-2543.5
2251.1,-2543.5
2251.0,-2543.3
2251.0,-2543.1
2250.9,-2542.9
2250.8,-2542.8
2250.7,-2542.6
2250.7,-2542.4
2250.6,-2542.2
2250.5,-2542.1
2250.4,-2541.9
2250.4,-2541.8
2250.3,-2541.7
2250.3,-2541.5
2250.2,-2541.4
2250.2,-2541.3
2250.1,-2541.2
2250.1,-2541.1
2250.1,-2541.0
2250.0,-2540.9
2250.0,-2540.8
2250.0,-2540.8
2250.0,-2540.8
2250.0,-2540.8
2249.9,-2540.7
2249.9,-2540.7
2249.9,-2540.7
2249.9,-2540.7
2249.9,-2540.6
2249.9,-2540.6
2249.9,-2540.6
2249.9,-2540.6
2249.9,-2540.6
2249.9,-2540.6
2249.9,-2540.6
2249.9,-2540.6
2249.9,-2540.6
2248.8,-2541.0
2248.8,-2541.0
2248.8,-2540.9
2248.8,-2540.9
2248.8,-2541.0
2248.8,-2541.0
2248.8,-2541.0
2248.9,-2541.2
2248.9,-2541.2
2249.0,-2541.3
2249.0,-2541.3
2249.0,-2541.3
2249.0,-2541.3
2249.0,-2541.3
2249.0,-2541.3
2249.0,-2541.3
2249.0,-2541.3
2249.0,-2541.3
2247.9,-2541.7
2247.9,-2541.7
2247.9,-2541.6
2247.9,-2541.6
2247.9,-2541.6
2247.9,-2541.6
2247.8,-2541.5
2247.8,-2541.5
2247.8,-2541.5
2247.8,-2541.5
2247.8,-2541.4
2246.8,-2541.8
2246.7,-2541.7
2246.7,-2541.7
2246.7,-2541.7
2246.7,-2541.7
2246.7,-2541.7
2246.7,-2541.7
2246.7,-2541.7
2246.7,-2541.6
2246.7,-2541.6
2246.7,-2541.6
2246.7,-2541.6
2246.7,-2541.6
2246.6,-2541.4
2246.6,-2541.4
2246.6,-2541.3
2246.6,-2541.3
2245.5,-2541.8
2245.5,-2541.7
2245.5,-2541.7
2245.5,-2541.6
2246.5,-2541.1
2246.5,-2541.1
2246.4,-2541.0
2246.4,-2541.0
2246.3,-2540.8
2246.3,-2540.8
2246.3,-2540.7
2246.2,-2540.6
2246.2,-2540.5
2246.1,-2540.4
2246.0,-2540.1
2246.0,-2539.9
2245.9,-2539.8
2245.8,-2539.7
2245.7,-2539.4
2245.6,-2539.2
2246.6,-2538.7
2246.5,-2538.5
2246.5,-2538.4
2246.5,-2538.3
2246.3,-2538.0
2246.3,-2537.9
2246.3,-2537.8
2246.2,-2537.7
2246.2,-2537.6
2246.2,-2537.5
2246.2,-2537.5
2246.1,-2537.4
2246.1,-2537.3
2246.0,-2537.2
2246.1,-2537.3
2246.1,-2537.3
2246.1,-2537.3
2247.1,-2536.9
2247.1,-2536.9
2247.1,-2536.9
2247.1,-2536.9
2247.1,-2536.9
2247.1,-2536.9
2246.2,-2537.7
2246.3,-2537.9
2246.4,-2538.2
2246.5,-2538.4
2245.5,-2538.9
2245.6,-2539.1
2245.6,-2539.2
2245.7,-2539.4
2245.7,-2539.4
2245.8,-2539.5
2245.8,-2539.7
2245.9,-2539.8
2245.9,-2539.8
2245.9,-2539.8
2246.0,-2539.9
2246.0,-2540.0
2245.0,-2540.4
2245.0,-2540.6
2245.1,-2540.7
2245.1,-2540.7
2245.1,-2540.8
2245.1,-2540.8
2245.1,-2540.9
2245.1,-2540.9
2245.2,-2541.0
2245.2,-2541.0
2245.2,-2541.0
2245.2,-2541.0
2245.3,-2541.2
2245.3,-2541.2
2244.3,-2541.6
2244.3,-2541.7
2244.3,-2541.7
2244.3,-2541.7
2244.4,-2541.9
2244.4,-2541.9
2244.4,-2541.9
2244.4,-2541.9
2244.4,-2541.9
2244.4,-2541.9
2244.4,-2542.0
2244.4,-2542.0
2244.4,-2542.0
2244.4,-2542.0
2244.5,-2542.1
2244.5,-2542.1
2244.5,-2542.1
2244.5,-2542.1
2244.5,-2542.2
2244.5,-2542.2
2244.5,-2542.2
2244.5,-2542.2
2244.5,-2542.2
2244.6,-2542.3
2244.6,-2542.3
2244.6,-2542.3
2244.6,-2542.3
2244.6,-2542.3
2244.6,-2542.4
2244.6,-2542.4
2244.6,-2542.4
2244.6,-2542.4
2244.6,-2542.4
2244.6,-2542.4
2244.6,-2542.5
2244.6,-2542.5
2244.6,-2542.5
2244.6,-2542.5
2244.6,-2542.5
2244.7,-2542.6
2244.7,-2542.6
2244.7,-2542.6
2244.7,-2542.6
2244.7,-2542.6
2244.7,-2542.6
2244.7,-2542.7
2244.7,-2542.7
2244.8,-2542.8
2244.8,-2542.9
2244.9,-2543.0
2244.9,-2543.1
2244.9,-2543.2
2245.0,-2543.3
2245.0,-2543.4
2245.0,-2543.4
2245.1,-2543.5
2246.2,-2543.2
2246.2,-2543.3
2246.2,-2543.3
2246.2,-2543.3
2246.2,-2543.3
2246.3,-2543.4
2246.3,-2543.4
2246.3,-2543.6
2246.3,-2543.6
2246.4,-2543.7
2247.4,-2543.2
2247.4,-2543.3
2247.4,-2543.3
2247.4,-2543.3
2247.5,-2543.4
2247.5,-2543.4
2247.5,-2543.5
2247.5,-2543.5
2247.5,-2543.5
2247.5,-2543.6
2247.5,-2543.5
2247.4,-2543.2
2248.1,-2542.2
2249.0,-2541.3
2251.0,-2540.4
2252.3,-2540.5
2253.5,-2540.6
2254.6,-2540.3
2254.6,-2540.3
2253.6,-2540.8
2253.6,-2540.8
2254.7,-2540.6
2254.9,-2540.9
2257.0,-2540.2
2258.7,-2538.4
2260.8,-2534.8
2261.3,-2530.4
2261.2,-2524.7
2261.7,-2517.3
2261.8,-2509.2
2261.8,-2500.7
2262.7,-2491.1
2262.2,-2481.5
2262.5,-2471.0
2262.7,-2460.0
2262.7,-2448.7
2262.6,-2437.1
2262.4,-2425.4
2263.1,-2412.8
2262.8,-2400.6
2263.1,-2387.3
2263.2,-2373.4
2262.1,-2359.6
2262.1,-2345.3
2260.0,-2332.0
2258.0,-2318.8
2254.8,-2306.0
2249.7,-2294.0
2244.6,-2282.0
2238.3,-2270.5
2230.0,-2260.1
2220.9,-2250.4
2211.9,-2240.9
2200.9,-2232.5
2188.9,-2224.8
2175.9,-2217.6
2162.0,-2211.2
2148.1,-2204.9
2133.1,-2198.9
2118.1,-2192.7
2101.8,-2186.6
2086.4,-2179.5
2070.0,-2173.1
2054.6,-2166.2
2038.3,-2159.7
2023.0,-2153.0
2006.7,-2146.8
1990.6,-2141.0
1975.6,-2134.9
1961.7,-2128.6
1948.0,-2122.5
1935.1,-2115.5
1923.7,-2106.2
1911.7,-2095.8
1900.5,-2084.2
1890.1,-2071.9
1880.8,-2058.6
1871.3,-2045.5
1862.8,-2031.6
1855.3,-2017.1
1848.6,-2001.8
1840.9,-1986.8
1834.1,-1971.2
1826.4,-1956.3
1819.7,-1940.9
1811.9,-1925.9
1805.2,-1910.4
1797.4,-1895.2
1789.5,-1879.9
1782.8,-1864.3
1774.7,-1848.7
1766.7,-1833.2
1758.7,-1817.5
1749.7,-1802.5
1740.7,-1787.7
1730.9,-1773.5
1721.1,-1759.4
1711.4,-1745.3
1701.5,-1731.3
1691.7,-1717.4
1681.0,-1703.9
1671.3,-1690.2
1661.6,-1676.6
1652.0,-1662.8
1643.3,-1648.7
1633.5,-1634.7
1624.8,-1620.1
1616.0,-1605.6
1607.1,-1590.9
1598.0,-1575.8
1591.0,-1559.4
1582.8,-1543.5
1573.8,-1528.3
1565.7,-1512.7
1557.5,-1496.7
1549.5,-1481.1
1541.6,-1465.6
1533.7,-1450.4
1525.8,-1435.1
1518.2,-1420.3
1510.5,-1405.6
1503.1,-1391.4
1495.7,-1377.1
1488.4,-1363.2
1481.1,-1349.0
1473.5,-1334.7
1466.1,-1320.3
1458.4,-1305.7
1450.8,-1290.8
1442.0,-1276.3
1434.4,-1261.5
1426.7,-1246.9
1419.4,-1232.7
1411.2,-1219.8
1404.6,-1207.3
1398.0,-1195.1
1391.6,-1183.1
1385.2,-1171.2
1378.0,-1160.2
1371.7,-1148.4
1365.2,-1136.4
1358.7,-1124.2
1351.0,-1112.5
1345.6,-1099.8
1339.0,-1087.7
1332.5,-1075.6
1327.3,-1063.2
1323.1,-1050.9
1321.1,-1037.7
1318.1,-1025.3
1317.1,-1011.6
1315.0,-998.1
1311.8,-985.1
775.9,177.2
775.9,177.2
775.9,177.2
776.0,177.1
776.0,177.1
776.0,177.1
776.0,177.1
776.0,177.1
776.0,177.1
776.0,177.1
776.0,177.1
776.0,177.1
776.0,177.0
776.0,177.0
776.0,177.0
776.0,177.0
776.0,177.0
776.0,177.0
776.0,177.0
776.0,177.0
776.0,177.0
776.0,177.0
776.1,176.9
776.1,176.9
776.1,176.9
776.1,176.9
776.1,176.9
776.1,176.9
776.1,176.9
776.1,176.9
776.1,176.8
776.1,176.8
776.1,176.8
776.1,176.8
776.1,176.8
776.1,176.8
776.1,176.8
776.1,176.8
776.2,176.7
776.2,176.7
776.2,176.7
776.2,176.7
776.2,176.7
776.2,176.7
776.2,176.6
776.2,176.6
776.2,176.6
776.2,176.6
776.2,176.6
776.2,176.6
776.2,176.5
776.2,176.5
