x,y
0.0,0.0
-6.0,3.6
-11.6,6.6
-16.6,8.9
-20.7,11.4
-24.0,12.9
-26.0,13.8
-27.3,13.7
-28.1,14.1
-29.6,14.5
-32.5,14.0
-35.4,13.0
-37.3,10.1
-39.0,5.6
-40.1,1.2
-41.7,-4.3
-43.5,-9.7
-45.9,-15.6
-48.8,-21.4
-52.6,-27.1
-57.2,-33.0
-63.0,-39.4
-69.6,-45.4
-77.0,-51.1
-84.9,-56.7
-93.5,-62.2
-102.4,-67.1
-111.4,-71.9
-120.4,-77.1
-129.3,-81.6
-138.7,-86.8
-148.2,-91.9
-158.3,-97.8
-168.2,-103.1
-178.4,-108.3
-188.5,-113.7
-198.7,-118.9
-209.0,-125.1
-218.7,-131.4
-228.3,-139.2
-236.9,-147.3
-245.1,-156.8
-253.2,-166.3
-261.0,-176.0
-269.1,-186.2
-277.1,-196.7
-285.2,-206.6
-293.3,-217.4
-301.3,-227.4
-309.2,-237.8
-316.9,-248.1
-323.9,-258.0
-330.6,-267.8
-337.2,-277.6
-343.4,-286.5
-349.4,-295.2
-355.9,-303.6
-362.9,-311.7
-370.2,-319.2
-378.0,-326.9
-386.3,-334.8
-394.7,-342.5
-403.6,-350.4
-413.0,-358.3
-423.0,-366.0
-433.5,-373.5
-444.3,-380.9
-455.2,-388.1
-466.2,-395.5
-477.4,-402.3
-488.8,-409.3
-500.2,-415.9
-511.1,-422.2
-521.9,-429.1
-532.9,-435.3
-543.0,-442.6
-552.1,-450.8
-560.7,-460.2
-569.2,-469.0
-576.8,-478.8
-582.9,-489.2
-588.9,-499.8
-594.1,-509.7
-600.4,-520.1
-606.9,-530.8
-614.0,-540.8
-621.7,-550.5
-630.1,-559.5
-639.1,-567.8
-648.8,-575.7
-658.7,-582.8
-669.1,-590.0
-679.2,-596.1
-689.9,-602.8
-700.3,-608.7
-711.1,-615.1
-722.2,-621.5
-733.5,-627.5
-745.3,-633.5
-757.4,-639.8
-769.9,-646.4
-782.7,-653.0
-796.4,-659.0
-810.3,-665.7
-823.9,-673.1
-836.7,-679.6
-848.8,-686.1
-861.8,-693.0
-874.7,-699.6
-887.3,-706.2
-899.4,-712.3
-911.4,-718.2
-923.6,-724.0
-935.7,-730.0
-947.6,-735.7
-960.0,-741.2
-971.9,-746.3
-984.4,-751.5
-996.4,-755.9
-1008.9,-760.2
-1021.5,-763.8
-1034.3,-767.4
-1047.1,-771.0
-1059.8,-774.2
-1072.5,-776.9
-1085.1,-778.1
-1098.0,-779.4
-1110.7,-780.0
-1123.8,-781.4
-1136.8,-782.9
-1150.1,-784.8
-1163.5,-787.6
-1176.8,-791.0
-1189.6,-794.7
-1202.2,-798.8
-1214.5,-803.6
-1226.8,-810.0
-1238.7,-816.7
-1250.4,-824.0
-1261.3,-831.8
-1271.6,-839.4
-1281.6,-847.2
-1291.0,-854.7
-1300.6,-862.6
-1309.7,-870.2
-1318.7,-877.9
-1327.1,-885.5
-1334.7,-892.3
-1343.1,-899.9
-1351.5,-906.6
-1360.8,-913.5
-1370.6,-920.2
-1380.9,-927.8
-1391.5,-935.5
-1402.2,-943.8
-1412.8,-952.2
-1423.8,-961.6
-1434.7,-970.7
-1445.8,-979.8
-1457.3,-989.2
-1469.2,-999.3
-1481.2,-1009.1
-1494.2,-1019.0
-1506.7,-1028.8
-1518.6,-1038.5
-1530.3,-1048.9
-1541.6,-1059.6
-1552.0,-1069.2
-1561.8,-1078.9
-1571.9,-1087.9
-1582.4,-1097.1
-1592.9,-1105.6
-1603.5,-1114.4
-1613.8,-1123.4
-1623.5,-1133.3
-1633.3,-1143.0
-1643.0,-1152.2
-1653.1,-1161.3
-1663.4,-1170.0
-1673.6,-1177.9
-1684.2,-1186.5
-1695.0,-1195.5
-1705.6,-1204.3
-1715.7,-1213.3
-1726.2,-1222.7
-1736.5,-1231.7
-1746.5,-1240.3
-1756.7,-1249.2
-1766.0,-1257.0
-1775.4,-1265.1
-1784.5,-1274.1
-1793.0,-1283.5
-1800.4,-1293.4
-1807.5,-1303.4
-1814.1,-1313.2
-1820.2,-1322.2
-1825.4,-1330.7
-1830.3,-1338.3
-1835.3,-1345.1
-1840.7,-1351.0
-1847.1,-1355.4
-1854.7,-1357.4
-1863.3,-1357.2
-1872.4,-1354.9
-1882.2,-1352.3
-1892.5,-1348.9
-1903.5,-1345.6
-1915.3,-1342.2
-1927.8,-1339.4
-1941.0,-1336.1
-1954.3,-1332.8
-1968.1,-1330.3
-1982.1,-1328.6
-1996.1,-1327.8
-2011.1,-1328.1
-2026.2,-1329.2
-2041.8,-1331.0
-2057.3,-1332.9
-2073.2,-1335.6
-2089.0,-1337.9
-2105.0,-1340.9
-2120.9,-1343.7
-2136.7,-1345.8
-2152.8,-1348.5
-2168.8,-1350.6
-2184.6,-1352.9
-2200.2,-1354.9
-2215.0,-1356.7
-2228.8,-1358.7
-2242.0,-1361.1
-2254.4,-1363.4
-2266.3,-1366.1
-2278.2,-1369.6
-2289.9,-1373.7
-2301.1,-1377.5
-2312.5,-1381.8
-2324.2,-1386.1
-2336.3,-1390.4
-2348.4,-1394.8
-2361.0,-1399.8
-2373.4,-1405.1
-2385.8,-1410.0
-2398.1,-1414.5
-2410.4,-1418.9
-2422.6,-1423.2
-2434.9,-1428.5
-2447.1,-1433.3
-2459.1,-1438.4
-2471.4,-1443.9
-2483.5,-1448.7
-2495.5,-1453.7
-2507.8,-1458.3
-2520.2,-1462.6
-2532.4,-1466.9
-2544.9,-1471.0
-2557.2,-1476.0
-2568.8,-1480.0
-2580.5,-1484.6
-2591.0,-1488.0
-2601.3,-1491.9
-2611.0,-1494.9
-2620.3,-1498.1
-2628.5,-1500.9
-2636.2,-1503.2
-2643.3,-1505.5
-2649.2,-1507.4
-2654.2,-1509.5
-2658.2,-1512.0
-2660.9,-1514.9
-2663.1,-1519.0
-2665.1,-1523.6
-2667.5,-1529.2
-2669.9,-1535.7
-2671.9,-1542.8
-2673.8,-1550.5
-2675.2,-1558.5
-2676.6,-1567.0
-2677.6,-1575.5
-2677.2,-1585.8
-2678.0,-1595.7
-2679.2,-1605.6
-2680.3,-1615.1
-2681.2,-1624.6
-2681.3,-1633.5
-2680.9,-1642.7
-2680.0,-1652.1
-2678.1,-1661.0
-2676.2,-1669.6
-2674.4,-1678.3
-2673.5,-1686.7
-2673.4,-1694.8
-2674.6,-1703.2
-2676.9,-1711.4
-2680.0,-1719.9
-2684.0,-1728.6
-2688.5,-1737.4
-2693.4,-1745.6
-2698.5,-1753.5
-2704.0,-1761.6
-2709.8,-1768.8
-2715.7,-1776.0
-2721.3,-1782.7
-2726.8,-1789.4
-2732.3,-1795.9
-2737.8,-1802.3
-2743.6,-1809.0
-2749.3,-1815.7
-2755.2,-1822.7
-2760.9,-1829.5
-2767.3,-1837.1
-2773.7,-1844.2
-2780.4,-1850.9
-2787.7,-1857.5
-2795.2,-1863.4
-2803.3,-1869.0
-2811.4,-1873.9
-2819.3,-1879.7
-2826.4,-1885.9
-2833.0,-1893.2
-2839.3,-1900.7
-2845.4,-1907.9
-2851.8,-1914.8
-2858.3,-1921.3
-2864.9,-1927.3
-2871.6,-1932.2
-2878.7,-1936.5
-2886.3,-1939.8
-2893.9,-1941.3
-2901.9,-1941.9
-2910.3,-1941.8
-2918.7,-1941.0
-2927.2,-1939.6
-2936.0,-1938.9
-2944.9,-1938.1
-2954.2,-1937.6
-2963.8,-1937.5
-2973.6,-1938.0
-2983.7,-1938.7
-2994.0,-1939.8
-3004.1,-1940.7
-3014.2,-1941.7
-3023.9,-1942.9
-3033.3,-1944.3
-3042.2,-1945.4
-3050.4,-1946.8
-3057.6,-1947.7
-3064.2,-1949.0
-3069.4,-1949.7
-3073.8,-1951.4
-3077.2,-1952.9
-3079.5,-1954.9
-3081.0,-1958.1
-3081.5,-1962.2
-3080.8,-1966.3
-3079.7,-1971.5
-3078.1,-1976.9
-3076.2,-1982.9
-3074.2,-1989.4
-3071.9,-1996.3
-3069.3,-2002.8
-3066.0,-2009.3
-3063.0,-2016.4
-3059.6,-2023.4
-3056.1,-2029.9
-3052.8,-2036.7
-3049.5,-2043.4
-3046.4,-2050.1
-3043.4,-2056.8
-3040.3,-2063.2
-3037.2,-2070.3
-3034.0,-2076.5
-3031.0,-2082.6
-3028.3,-2088.0
-3025.9,-2092.5
-3024.0,-2097.1
-3022.0,-2100.8
-3020.4,-2104.0
-3019.6,-2107.3
-3019.1,-2110.7
-3019.4,-2114.7
-3020.4,-2119.3
-3021.5,-2123.7
-3022.2,-2127.5
-3024.0,-2136.1
-3025.1,-2140.6
-3025.9,-2143.9
-3027.2,-2147.4
-3029.2,-2150.7
-3031.6,-2154.4
-3034.7,-2158.1
-3038.1,-2161.7
-3041.6,-2165.1
-3045.5,-2169.1
-3049.4,-2173.0
-3053.3,-2176.4
-3057.2,-2180.1
-3061.7,-2184.2
-3066.6,-2188.2
-3071.9,-2192.3
-3077.1,-2196.6
-3082.4,-2200.6
-3088.2,-2204.6
-3093.9,-2208.2
-3099.3,-2211.4
-3104.3,-2214.1
-3109.1,-2217.2
-3113.6,-2219.7
-3118.2,-2222.5
-3122.2,-2224.8
-3126.6,-2227.9
-3130.5,-2230.9
-3133.5,-2233.9
-3136.4,-2236.3
-3139.9,-2239.2
-3143.8,-2242.2
-3147.9,-2245.0
-3152.4,-2248.0
-3157.4,-2250.5
-3162.6,-2252.6
-3168.1,-2255.1
-3172.7,-2257.1
-3176.9,-2259.0
-3180.5,-2261.0
-3184.2,-2264.0
-3187.6,-2267.7
-3190.8,-2270.9
-3194.1,-2274.5
-3197.7,-2278.1
-3201.9,-2281.9
-3206.7,-2285.4
-3211.7,-2288.6
-3216.3,-2291.7
-3221.2,-2294.8
-3225.4,-2297.3
-3229.6,-2300.1
-3233.6,-2302.7
-3237.0,-2305.2
-3240.1,-2307.6
-3242.9,-2310.7
-3245.3,-2314.6
-3247.1,-2318.9
-3248.1,-2323.6
-3249.1,-2328.9
-3249.7,-2333.5
-3251.0,-2339.1
-3252.4,-2344.6
-3254.0,-2349.7
-3255.8,-2354.5
-3258.0,-2359.3
-3260.3,-2363.3
-3262.7,-2367.3
-3265.5,-2371.6
-3268.0,-2375.7
-3270.8,-2379.6
-3274.0,-2383.8
-3277.2,-2388.4
-3280.4,-2393.0
-3283.5,-2397.8
-3286.0,-2402.8
-3287.4,-2407.5
-3288.5,-2413.2
-3288.8,-2418.8
-3288.5,-2425.2
-3287.4,-2431.4
-3286.0,-2437.8
-3284.8,-2443.9
-3283.2,-2449.2
-3282.1,-2455.0
-3281.3,-2460.9
-3280.9,-2466.3
-3280.8,-2471.6
-3281.0,-2476.2
-3281.6,-2480.1
-3282.4,-2483.1
-3283.6,-2485.8
-3285.5,-2488.2
-3287.3,-2490.7
-3289.1,-2492.7
-3291.0,-2495.1
-3292.6,-2498.1
-3293.6,-2501.4
-3293.6,-2505.2
-3293.0,-2509.2
-3292.1,-2513.9
-3291.3,-2518.5
-3290.8,-2523.0
-3290.2,-2527.4
-3289.6,-2532.0
-3288.6,-2536.2
-3287.3,-2540.8
-3286.1,-2545.1
-3284.2,-2548.4
-3282.4,-2552.2
-3280.6,-2555.8
-3278.8,-2560.0
-3277.4,-2563.9
-3276.2,-2567.7
-3275.5,-2571.9
-3274.2,-2575.7
-3272.9,-2579.1
-3272.1,-2582.8
-3271.3,-2586.0
-3270.7,-2589.2
-3269.4,-2591.0
-3267.9,-2593.2
-3266.5,-2594.8
-3265.4,-2595.7
-3265.2,-2596.3
-3265.4,-2596.2
-3265.9,-2596.0
-3266.4,-2595.8
-3266.6,-2595.7
-3266.7,-2595.9
-3266.8,-2595.9
-3266.8,-2595.9
-3266.9,-2595.8
-3267.0,-2595.8
-3267.0,-2595.8
-3267.3,-2596.3
-3267.4,-2596.2
-3267.4,-2596.2
-3267.5,-2596.7
-3267.4,-2596.8
-3267.6,-2597.1
-3267.5,-2597.1
-3267.7,-2597.5
-3267.6,-2597.6
-3267.6,-2597.6
-3267.6,-2597.6
-3267.7,-2597.5
-3267.9,-2597.8
-3268.0,-2597.8
-3268.2,-2597.6
-3268.3,-2597.6
-3268.4,-2597.6
-3268.5,-2597.5
-3268.7,-2597.4
-3268.7,-2597.4
-3268.7,-2597.4
-3268.9,-2597.4
-3269.0,-2597.3
-3269.1,-2597.3
-3269.1,-2597.3
-3269.2,-2597.2
-3269.2,-2597.2
-3269.3,-2597.2
-3269.3,-2597.2
-3269.3,-2597.1
-3269.3,-2597.1
-3269.5,-2597.1
-3269.5,-2597.1
-3269.5,-2597.1
-3269.5,-2597.1
-3269.5,-2597.1
-3269.5,-2597.1
-3269.5,-2597.1
-3269.3,-2597.1
-3269.2,-2596.8
-3269.1,-2596.8
-3268.9,-2596.9
-3268.3,-2597.6
-3267.2,-2598.7
-3265.8,-2600.0
-3263.9,-2600.9
-3261.6,-2602.2
-3259.0,-2603.5
-3256.3,-2605.1
-3253.4,-2606.5
-3250.7,-2608.2
-3247.9,-2609.5
-3245.1,-2610.8
-3242.5,-2612.4
-3240.4,-2613.8
-3239.1,-2616.0
-3238.3,-2618.0
-3238.3,-2620.1
-3239.4,-2622.1
-3240.3,-2623.3
-3240.8,-2623.9
-3240.8,-2623.9
-3240.6,-2623.9
-3240.6,-2623.9
-3240.6,-2623.9
-3240.5,-2624.0
-3240.5,-2624.0
-3240.4,-2624.0
-3240.4,-2623.7
-3240.4,-2623.7
-3240.4,-2623.7
-3240.3,-2623.3
-3240.3,-2623.3
-3240.3,-2623.3
-3240.3,-2623.3
-3240.0,-2623.0
-3240.0,-2623.0
-3240.0,-2623.0
-3239.7,-2622.6
-3239.7,-2622.6
-3239.6,-2622.2
-3239.5,-2622.3
-3239.5,-2622.3
-3239.4,-2622.1
-3239.3,-2622.1
-3239.3,-2622.1
-3239.3,-2622.1
-3239.3,-2622.1
-3239.0,-2621.5
-3238.9,-2621.6
-3238.9,-2621.6
-3238.9,-2621.6
-3238.7,-2621.1
-3238.7,-2621.1
-3238.7,-2621.1
-3238.7,-2621.1
-3238.4,-2620.9
-3238.4,-2620.9
-3238.4,-2620.9
-3238.4,-2620.9
-3238.4,-2620.9
-3238.4,-2620.9
-3238.4,-2620.9
-3238.3,-2620.9
-3238.2,-2620.5
-3238.2,-2620.5
-3238.2,-2620.5
-3238.0,-2620.6
-3238.0,-2620.6
-3238.0,-2620.6
-3237.9,-2620.6
-3237.9,-2620.6
-3237.9,-2620.6
-3237.9,-2620.7
-3237.9,-2620.7
-3237.9,-2620.7
-3237.9,-2620.7
-3237.9,-2620.7
-3237.9,-2620.7
-3237.9,-2620.7
-3237.9,-2620.7
-3237.9,-2620.7
-3237.9,-2620.7
-3237.9,-2620.7
-3237.9,-2620.7
-3237.9,-2620.7
-3237.9,-2620.7
-3238.0,-2621.1
-3238.0,-2621.1
-3238.0,-2621.1
-3238.0,-2621.1
-3238.0,-2621.1
-3238.0,-2621.1
-3238.0,-2621.1
-3238.0,-2621.1
-3238.0,-2621.1
-3238.0,-2621.1
-3238.0,-2621.1
-3238.0,-2621.1
-3238.0,-2621.1
-3238.0,-2621.1
-3238.0,-2621.1
-3238.0,-2621.1
-3238.0,-2621.1
-3237.8,-2621.1
-3237.8,-2621.1
-3237.8,-2621.1
-3237.8,-2621.1
-3237.8,-2621.1
-3237.8,-2621.1
-3237.8,-2621.1
-3237.8,-2621.1
-3237.8,-2621.1
-3237.8,-2621.1
-3237.8,-2621.1
-3237.7,-2621.2
-3237.7,-2621.2
-3237.7,-2621.2
-3237.7,-2621.2
-3237.7,-2621.2
-3237.7,-2621.2
-3237.7,-2621.2
-3237.7,-2621.2
-3237.7,-2621.2
-3237.5,-2620.8
-3237.3,-2620.6
-3236.7,-2619.6
-3236.2,-2618.6
-3235.6,-2617.7
-3234.8,-2616.4
-3233.9,-2615.4
-3232.8,-2614.5
-3231.8,-2614.0
-3231.5,-2614.2
-3231.8,-2614.0
-3232.6,-2614.1
-3234.4,-2613.2
-3236.8,-2611.7
-3239.8,-2609.9
-3243.2,-2608.0
-3246.9,-2606.7
-3250.4,-2605.5
-3253.5,-2604.1
-3256.4,-2602.8
-3259.3,-2601.5
-3262.0,-2600.1
-3264.5,-2598.9
-3266.5,-2597.6
-3267.8,-2596.6
-3268.3,-2595.8
-3268.4,-2595.8
-3268.2,-2595.2
-3268.2,-2595.2
-3268.4,-2595.1
-3268.3,-2594.9
-3268.3,-2594.4
-3268.1,-2594.0
-3268.3,-2594.0
-3268.2,-2593.5
-3268.2,-2593.1
-3268.1,-2592.8
-3268.2,-2592.8
-3268.1,-2592.2
-3267.9,-2591.7
-3267.9,-2591.3
-3267.9,-2591.3
-3267.8,-2590.9
-3267.8,-2590.9
-3267.9,-2590.9
-3267.7,-2590.5
-3267.7,-2590.5
-3267.7,-2590.5
-3267.5,-2590.1
-3267.6,-2590.1
-3267.6,-2590.1
-3267.6,-2590.1
-3267.6,-2590.1
-3267.6,-2590.1
-3267.4,-2589.5
-3267.4,-2589.5
-3267.4,-2589.5
-3267.4,-2589.5
-3267.3,-2589.5
-3267.5,-2590.1
-3267.5,-2590.1
-3267.3,-2589.5
-3267.4,-2590.2
-3267.4,-2590.2
-3267.6,-2590.6
-3267.4,-2590.7
-3267.6,-2591.0
-3267.4,-2591.1
-3267.4,-2591.1
-3267.4,-2591.1
-3267.3,-2591.1
-3267.3,-2591.1
-3267.5,-2591.5
-3267.5,-2591.5
-3267.5,-2591.5
-3267.3,-2591.1
-3267.3,-2591.1
-3267.6,-2591.0
-3268.1,-2590.8
-3269.0,-2589.4
-3270.0,-2587.6
-3270.9,-2585.5
-3271.7,-2583.1
-3272.6,-2580.9
-3273.5,-2578.9
-3274.7,-2576.3
-3275.8,-2574.1
-3276.4,-2571.5
-3277.0,-2569.1
-3277.7,-2566.7
-3278.3,-2564.0
-3279.0,-2562.0
-3279.7,-2560.1
-3280.6,-2557.8
-3281.6,-2555.8
-3283.1,-2554.3
-3284.3,-2552.2
-3285.2,-2549.6
-3286.1,-2546.9
-3286.7,-2543.2
-3288.2,-2539.8
-3289.0,-2537.1
-3290.2,-2533.5
-3291.1,-2530.8
-3292.0,-2527.2
-3292.7,-2523.7
-3293.3,-2520.5
-3293.8,-2517.5
-3294.9,-2513.6
-3295.9,-2510.3
-3296.2,-2507.8
-3296.2,-2505.0
-3296.2,-2502.7
-3295.4,-2499.3
-3294.6,-2496.9
-3292.9,-2494.4
-3290.8,-2491.5
-3288.3,-2488.8
-3286.0,-2486.1
-3284.8,-2482.9
-3283.8,-2479.2
-3283.6,-2475.6
-3283.7,-2471.8
-3283.9,-2467.9
-3284.2,-2463.5
-3284.7,-2459.6
-3285.3,-2455.0
-3286.2,-2450.8
-3287.4,-2447.3
-3288.1,-2442.9
-3288.5,-2438.1
-3289.4,-2433.4
-3290.2,-2429.2
-3291.0,-2425.1
-3291.3,-2420.8
-3291.1,-2416.1
-3290.5,-2411.3
-3289.0,-2405.7
-3286.5,-2400.4
-3283.5,-2395.5
-3280.3,-2390.9
-3277.1,-2386.6
-3273.8,-2381.8
-3270.9,-2377.8
-3268.4,-2373.9
-3266.1,-2370.2
-3263.9,-2366.7
-3261.8,-2363.2
-3259.8,-2359.5
-3258.2,-2355.7
-3256.8,-2351.9
-3255.0,-2347.4
-3253.9,-2342.9
-3252.9,-2338.2
-3252.0,-2334.0
-3251.6,-2329.8
-3251.1,-2326.3
-3250.2,-2322.4
-3249.4,-2319.5
-3248.7,-2316.9
-3247.7,-2314.6
-3245.5,-2311.5
-3242.7,-2308.1
-3239.4,-2305.3
-3235.2,-2302.5
-3230.6,-2299.0
-3225.6,-2295.5
-3220.7,-2292.2
-3216.0,-2288.8
-3211.1,-2285.4
-3206.3,-2282.2
-3201.4,-2278.5
-3197.1,-2274.9
-3193.4,-2271.4
-3189.5,-2267.6
-3185.8,-2263.6
-3182.4,-2260.5
-3178.8,-2257.7
-3175.1,-2255.3
-3171.0,-2253.5
-3165.9,-2251.4
-3160.7,-2249.2
-3155.4,-2247.0
-3150.1,-2243.2
-3145.1,-2239.5
-3139.9,-2235.2
-3135.0,-2231.3
-3130.3,-2227.4
-3125.5,-2223.9
-3120.6,-2221.0
-3116.1,-2218.4
-3110.8,-2215.0
-3105.6,-2211.4
-3100.2,-2208.3
-3094.8,-2205.1
-3089.5,-2201.8
-3084.5,-2199.0
-3079.6,-2195.6
-3075.1,-2191.8
-3070.8,-2188.3
-3066.6,-2185.1
-3062.3,-2181.7
-3057.9,-2178.2
-3053.8,-2174.5
-3049.3,-2170.3
-3045.3,-2166.6
-3041.8,-2162.7
-3038.4,-2159.4
-3035.5,-2156.5
-3032.9,-2153.2
-3030.7,-2149.8
-3028.6,-2146.1
-3026.6,-2141.8
-3025.0,-2137.2
-3024.4,-2132.9
-3023.2,-2128.0
-3022.1,-2123.7
-3020.7,-2119.0
-3019.3,-2115.0
-3018.2,-2110.7
-3017.9,-2107.0
-3018.2,-2103.8
-3019.3,-2100.0
-3020.9,-2096.4
-3022.9,-2092.4
-3025.4,-2088.3
-3027.8,-2084.1
-3030.1,-2079.2
-3032.6,-2074.4
-3035.0,-2069.6
-3037.7,-2064.7
-3040.1,-2059.4
-3042.7,-2053.7
-3045.5,-2048.4
-3048.4,-2042.8
-3051.3,-2037.4
-3053.7,-2030.9
-3056.5,-2025.3
-3059.1,-2020.0
-3061.7,-2014.5
-3064.4,-2009.1
-3067.0,-2003.5
-3069.5,-1997.8
-3071.6,-1992.2
-3073.3,-1986.1
-3074.9,-1980.8
-3076.2,-1975.8
-3077.4,-1971.4
-3078.3,-1967.3
-3078.9,-1964.2
-3078.4,-1960.7
-3077.2,-1957.5
-3074.5,-1954.4
-3070.7,-1951.9
-3065.8,-1950.4
-3060.1,-1948.9
-3053.5,-1947.5
-3046.7,-1946.1
-3039.7,-1945.1
-3032.4,-1943.6
-3025.2,-1942.7
-3017.8,-1941.7
-3009.8,-1940.4
-3001.8,-1939.4
-2993.7,-1938.4
-2985.4,-1937.5
-2977.5,-1936.6
-2969.5,-1935.7
-2961.5,-1935.3
-2953.9,-1935.1
-2945.8,-1934.8
-2938.1,-1935.6
-2930.3,-1936.1
-2922.7,-1937.2
-2915.5,-1938.0
-2908.8,-1938.6
-2901.9,-1938.6
-2895.4,-1938.3
-2889.0,-1937.0
-2882.7,-1935.1
-2876.5,-1932.4
-2870.6,-1929.0
-2864.7,-1924.5
-2859.2,-1919.4
-2853.6,-1914.1
-2848.3,-1908.0
-2843.2,-1902.4
-2837.7,-1896.4
-2832.5,-1890.9
-2827.1,-1885.2
-2821.6,-1879.7
-2815.7,-1874.5
-2809.6,-1870.4
-2803.3,-1866.4
-2797.3,-1862.4
-2791.5,-1858.9
-2786.2,-1855.0
-2781.3,-1850.6
-2776.9,-1845.9
-2772.9,-1841.2
-2768.4,-1836.2
-2763.6,-1830.9
-2758.4,-1824.8
-2753.0,-1818.8
-2747.6,-1812.8
-2741.8,-1806.4
-2735.8,-1799.8
-2730.2,-1793.4
-2724.7,-1787.0
-2719.3,-1780.5
-2714.5,-1774.3
-2709.7,-1768.3
-2705.2,-1762.6
-2700.6,-1756.5
-2696.0,-1750.1
-2691.9,-1743.9
-2687.9,-1737.3
-2684.3,-1730.5
-2680.8,-1723.0
-2677.8,-1716.5
-2675.4,-1709.4
-2673.0,-1702.6
-2671.4,-1695.8
-2670.6,-1688.7
-2671.0,-1681.8
-2672.1,-1674.7
-2673.6,-1667.4
-2675.5,-1660.0
-2677.1,-1652.6
-2678.2,-1645.0
-2679.0,-1637.2
-2679.3,-1629.4
-2679.1,-1621.5
-2678.2,-1613.3
-2677.4,-1604.5
-2676.6,-1596.2
-2675.9,-1587.5
-2675.3,-1578.8
-2674.3,-1570.2
-2673.2,-1561.8
-2671.7,-1553.5
-2669.9,-1545.5
-2667.7,-1538.0
-2665.1,-1531.0
-2662.3,-1524.8
-2659.4,-1520.0
-2657.0,-1516.2
-2654.5,-1512.8
-2652.1,-1510.2
-2649.2,-1507.8
-2645.2,-1505.6
-2640.2,-1503.5
-2634.4,-1501.3
-2628.3,-1499.5
-2621.3,-1497.0
-2613.9,-1494.4
-2606.2,-1491.7
-2598.1,-1488.9
-2590.1,-1486.4
-2581.7,-1482.8
-2573.3,-1479.3
-2565.4,-1476.7
-2557.6,-1473.4
-2549.9,-1470.2
-2541.9,-1466.9
-2533.7,-1464.0
-2525.1,-1460.6
-2516.3,-1457.5
-2507.7,-1454.4
-2499.1,-1451.5
-2490.4,-1448.0
-2481.8,-1445.0
-2473.3,-1441.4
-2464.9,-1438.1
-2456.6,-1435.1
-2448.7,-1431.9
-2440.7,-1428.8
-2433.3,-1426.0
-2425.6,-1422.6
-2417.0,-1419.5
-2408.4,-1416.9
-2399.6,-1414.2
-2390.8,-1411.3
-2382.2,-1408.1
-2373.6,-1404.6
-2365.5,-1401.1
-2357.3,-1397.8
-2349.0,-1394.6
-2340.7,-1391.7
-2332.5,-1389.0
-2324.6,-1386.8
-2316.9,-1384.1
-2309.4,-1381.4
-2302.4,-1379.2
-2295.4,-1376.3
-2287.8,-1373.1
-2280.2,-1370.5
-2272.1,-1368.6
-2263.8,-1366.5
-2255.3,-1364.5
-2246.5,-1362.9
-2237.7,-1361.8
-2228.8,-1360.6
-2219.8,-1359.5
-2210.8,-1358.0
-2201.7,-1357.0
-2192.2,-1355.2
-2182.7,-1354.0
-2172.8,-1352.4
-2162.8,-1351.0
-2152.2,-1349.0
-2141.6,-1347.1
-2131.1,-1345.7
-2120.4,-1343.9
-2109.6,-1341.9
-2099.2,-1340.3
-2088.7,-1338.5
-2078.3,-1336.6
-2067.9,-1334.8
-2057.9,-1333.5
-2048.1,-1332.2
-2038.1,-1331.0
-2028.4,-1330.3
-2018.5,-1329.4
-2008.8,-1328.9
-1999.0,-1328.4
-1989.5,-1328.4
-1979.8,-1328.6
-1970.1,-1329.3
-1960.4,-1330.8
-1950.6,-1332.5
-1940.6,-1334.7
-1930.9,-1337.5
-1921.0,-1340.0
-1911.5,-1342.6
-1902.5,-1345.3
-1893.9,-1347.8
-1886.0,-1350.6
-1878.4,-1352.6
-1871.7,-1354.7
-1865.2,-1356.5
-1859.1,-1357.6
-1853.3,-1358.0
-1847.1,-1357.0
-1841.0,-1353.7
-1835.6,-1349.1
-1831.4,-1343.7
-1827.4,-1336.8
-1823.4,-1329.7
-1818.8,-1322.2
-1813.9,-1314.5
-1808.7,-1306.7
-1803.2,-1298.8
-1797.7,-1291.4
-1792.2,-1284.0
-1786.5,-1277.2
-1780.2,-1270.2
-1773.1,-1263.5
-1765.5,-1257.1
-1757.4,-1250.0
-1749.4,-1243.2
-1741.4,-1236.3
-1733.3,-1229.2
-1725.6,-1222.4
-1717.5,-1215.0
-1709.7,-1208.0
-1701.6,-1200.8
-1694.0,-1193.9
-1686.0,-1187.3
-1678.2,-1181.0
-1670.5,-1174.6
-1662.8,-1168.2
-1654.4,-1161.5
-1646.5,-1154.6
-1639.4,-1148.4
-1632.5,-1142.2
-1626.0,-1135.6
-1619.4,-1129.4
-1612.4,-1122.6
-1605.3,-1115.9
-1598.2,-1109.9
-1590.8,-1103.8
-1583.1,-1097.8
-1575.3,-1092.0
-1567.6,-1086.0
-1559.7,-1079.2
-1552.4,-1072.7
-1545.2,-1065.6
-1538.2,-1058.8
-1530.9,-1051.6
-1523.7,-1045.0
-1515.7,-1038.0
-1507.5,-1031.8
-1499.4,-1025.2
-1491.2,-1018.5
-1483.0,-1011.6
-1474.8,-1005.3
-1466.4,-998.2
-1457.8,-991.3
-1449.6,-984.8
-1440.9,-977.3
-1432.4,-970.8
-1423.7,-963.9
-1414.8,-956.6
-1405.7,-949.4
-1396.6,-942.2
-1387.3,-935.3
-1377.9,-927.5
-1368.6,-920.2
-1359.4,-912.4
-1350.1,-904.9
-1340.3,-897.5
-1330.8,-890.0
-1321.3,-882.4
-1311.8,-874.5
-1302.3,-867.1
-1292.8,-859.4
-1283.3,-852.1
-1273.7,-844.6
-1264.1,-837.3
-1254.8,-830.7
-1245.9,-824.8
-1237.2,-819.2
-1229.1,-814.6
-1221.2,-810.2
-1213.5,-806.2
-1205.6,-802.7
-1197.4,-799.4
-1188.9,-796.9
-1179.9,-794.2
-1170.5,-791.7
-1160.8,-789.3
-1150.7,-786.8
-1140.6,-784.9
-1130.0,-783.0
-1119.3,-781.8
-1108.4,-780.5
-1098.1,-780.3
-1087.9,-779.7
-1077.8,-778.7
-1068.0,-777.1
-1058.3,-775.1
-1048.3,-772.2
-1038.7,-769.8
-1029.1,-766.7
-1019.3,-763.5
-1009.9,-760.8
-1000.7,-758.1
-992.0,-756.0
-983.4,-753.2
-974.8,-749.5
-966.3,-745.9
-957.9,-741.7
-949.4,-737.6
-940.5,-733.1
-931.5,-728.8
-922.4,-724.4
-913.3,-719.0
-903.6,-714.2
-893.8,-709.4
-883.7,-704.4
-873.5,-699.6
-863.8,-694.7
-854.1,-689.6
-845.0,-684.7
-835.9,-679.5
-826.5,-674.6
-817.3,-670.2
-807.9,-665.4
-799.0,-661.3
-790.2,-657.1
-781.6,-653.1
-773.0,-648.9
-764.9,-644.7
-757.0,-640.7
-749.4,-636.1
-742.0,-632.0
-734.8,-628.1
-727.8,-624.6
-721.3,-621.2
-715.3,-618.0
-709.0,-614.1
-702.2,-610.5
-694.9,-606.4
-687.7,-602.3
-679.8,-597.2
-671.8,-592.2
-663.3,-586.5
-654.5,-580.4
-645.5,-573.4
-636.9,-566.4
-628.6,-558.4
-620.9,-549.6
-613.5,-540.2
-606.6,-530.3
-599.7,-519.6
-593.4,-509.1
-587.1,-498.2
-581.0,-487.9
-575.1,-476.8
-569.5,-466.2
-563.7,-458.2
-556.8,-450.7
-548.9,-443.8
-540.1,-437.5
-530.5,-430.6
-520.6,-424.6
-510.3,-418.6
-499.2,-412.1
-487.9,-405.6
-476.5,-398.5
-465.4,-391.6
-454.2,-384.7
-443.2,-377.3
-432.7,-370.2
-422.3,-362.9
-412.3,-355.5
-402.9,-348.2
-393.0,-339.7
-383.8,-331.1
-374.5,-322.7
-365.7,-313.8
-357.7,-304.7
-349.9,-294.2
-342.1,-283.0
-334.3,-271.6
-325.9,-259.2
-317.1,-247.0
-307.8,-234.6
-298.6,-222.7
-289.7,-211.1
-280.8,-199.5
-272.5,-188.6
-264.1,-177.7
-255.8,-167.8
-247.7,-158.2
-239.6,-149.2
-231.3,-140.7
-222.3,-132.9
-212.0,-125.4
-200.4,-118.4
-188.0,-111.8
-175.0,-104.9
-161.9,-98.2
-148.9,-91.2
-136.2,-84.3
-123.6,-77.8
-111.5,-71.6
-99.7,-65.4
-89.1,-59.5
-79.5,-53.4
-70.5,-46.2
-63.2,-39.2
-56.5,-31.3
-50.6,-23.6
-45.5,-16.3
-41.0,-10.2
-36.8,-4.5
-33.3,-0.5
-30.2,2.5
-26.9,4.2
-23.4,4.0
-20.0,2.3
-15.7,-0.1
-11.3,-3.1
-6.6,-5.8
-1.9,-8.4
2.8,-11.0
7.4,-13.2
11.9,-15.2
15.8,-17.4
19.6,-19.7
22.3,-23.3
23.6,-26.7
23.1,-30.6
20.7,-34.5
17.5,-37.9
13.9,-41.5
9.6,-45.4
5.9,-48.7
2.9,-51.5
1.6,-52.8
1.3,-53.1
1.6,-52.8
1.6,-52.8
1.6,-52.8
1.7,-52.8
1.7,-52.8
1.9,-52.5
2.1,-52.1
2.2,-52.2
2.2,-52.2
1.3,-53.1
-0.1,-54.8
-1.4,-57.5
-2.0,-60.5
-2.5,-63.6
-3.6,-65.9
-5.3,-67.5
-6.4,-67.9
-7.2,-68.1
-7.6,-67.9
-8.0,-68.1
-8.2,-68.0
-8.3,-68.0
-8.5,-68.4
-8.6,-68.3
-9.0,-68.6
-9.0,-68.6
-8.4,-68.4
-7.9,-68.2
-7.8,-68.2
-7.8,-68.2
-7.7,-68.3
-7.7,-68.3
-7.5,-68.3
-7.2,-68.1
-6.7,-68.3
-5.9,-67.3
-5.6,-66.8
-5.4,-66.6
-5.1,-66.2
-5.0,-66.3
-5.1,-66.2
-5.8,-66.7
-7.3,-67.5
-8.5,-67.9
-9.0,-68.2
-8.6,-67.8
-8.6,-67.8
-8.6,-67.8
-8.6,-67.8
-8.6,-67.8
-8.6,-67.8
-8.6,-67.8
-8.6,-67.8
-8.6,-67.8
-8.6,-67.8
-8.8,-67.8
-8.9,-67.7
-8.9,-67.3
-8.9,-67.3
-8.9,-67.3
-8.9,-67.3
-9.0,-67.2
-8.8,-66.8
-8.9,-66.8
-9.1,-66.7
-9.1,-66.7
-9.2,-67.1
-9.3,-67.1
-9.3,-67.1
-9.3,-67.1
-9.5,-67.4
-9.5,-67.4
-9.5,-67.4
-9.6,-67.8
-9.6,-67.8
-9.6,-67.8
-9.6,-67.8
-9.8,-68.3
-9.8,-68.3
-9.8,-68.3
-9.8,-68.3
-9.9,-68.5
-9.9,-68.5
-9.9,-68.5
-9.9,-68.5
-9.9,-68.5
-9.9,-68.5
-9.9,-68.5
-9.7,-68.5
-10.0,-69.1
-10.0,-69.1
-10.0,-69.1
-10.0,-69.1
-10.1,-69.0
-10.2,-69.0
-10.1,-68.4
-10.2,-68.3
-10.3,-68.3
-10.3,-68.3
-10.4,-68.3
-10.5,-68.2
-10.5,-68.2
-10.6,-68.1
-10.6,-68.1
-10.6,-67.9
-10.6,-67.9
-10.7,-67.8
