x,y
0.0,0.0
8.9,3.6
16.6,8.2
23.3,14.4
29.0,21.7
32.4,28.0
34.4,32.8
35.3,35.2
35.8,36.4
36.4,37.3
37.0,38.4
39.5,40.6
43.0,41.5
47.9,40.9
53.0,38.4
58.2,35.5
64.9,32.7
73.1,29.9
81.9,26.4
90.9,22.5
101.1,19.2
110.4,15.0
120.7,11.3
131.6,7.1
143.4,3.5
154.6,-1.1
166.7,-5.2
178.8,-9.2
190.7,-12.9
201.6,-17.1
212.7,-20.0
222.7,-23.1
233.3,-23.7
244.2,-22.5
254.3,-20.6
263.8,-18.0
272.0,-15.6
277.9,-15.5
282.5,-16.0
285.6,-16.2
286.1,-16.7
286.1,-16.7
286.1,-16.7
286.0,-16.6
286.0,-16.6
286.0,-16.6
285.9,-16.6
285.9,-16.6
286.2,-16.9
288.3,-17.6
290.6,-20.4
292.6,-24.5
294.1,-29.8
296.1,-35.7
298.7,-42.5
301.0,-50.5
303.4,-58.7
305.8,-66.9
308.7,-75.6
311.1,-85.5
314.0,-96.2
316.6,-108.1
320.1,-119.4
322.6,-131.3
325.8,-142.3
327.9,-153.6
329.7,-164.5
330.8,-174.7
332.2,-183.4
331.1,-192.6
329.2,-200.9
327.0,-209.0
328.1,-215.6
331.7,-221.5
338.3,-224.2
345.6,-224.4
354.4,-222.6
364.1,-221.8
373.5,-224.4
383.3,-229.1
394.0,-235.0
404.7,-242.6
415.1,-251.6
425.0,-261.8
434.1,-272.8
443.7,-284.2
453.6,-296.2
463.1,-309.3
473.8,-322.2
485.6,-334.7
497.0,-348.6
508.8,-362.7
519.5,-377.4
530.8,-391.0
540.2,-406.0
549.7,-420.9
556.5,-437.8
563.0,-454.7
567.3,-472.3
570.0,-489.8
571.2,-507.2
572.1,-524.3
572.3,-542.2
571.4,-560.7
571.2,-578.3
570.8,-595.7
570.9,-611.7
571.1,-626.1
572.3,-638.0
572.4,-648.8
573.6,-655.4
574.1,-657.9
574.7,-656.9
574.4,-656.5
575.3,-655.8
574.7,-656.9
574.8,-658.7
573.8,-662.8
572.2,-667.9
570.5,-674.7
572.5,-680.6
576.9,-685.8
584.2,-687.5
591.9,-684.6
599.6,-677.9
606.7,-670.6
614.5,-664.1
624.2,-658.2
635.8,-652.8
648.1,-648.1
662.8,-642.7
677.1,-638.7
691.2,-636.2
706.8,-633.7
722.2,-632.8
739.2,-631.8
755.7,-632.3
774.5,-631.7
792.6,-632.3
811.0,-633.2
830.6,-633.7
851.4,-633.8
871.8,-635.2
892.4,-636.9
912.7,-639.9
933.6,-643.6
954.3,-649.1
974.9,-656.1
995.4,-664.7
1016.5,-674.1
1036.3,-685.4
1056.7,-697.4
1077.4,-710.0
1097.3,-723.2
1118.0,-735.6
1137.1,-748.0
1157.0,-759.4
1176.3,-770.1
1195.8,-779.5
1216.6,-786.7
1237.3,-791.9
1257.6,-795.2
1278.6,-795.5
1299.0,-793.3
1318.7,-788.6
1336.3,-783.1
1353.5,-775.4
1368.6,-766.9
1382.5,-757.0
1394.5,-746.6
1403.5,-737.9
1410.7,-730.7
1417.2,-726.4
1425.4,-723.9
1433.7,-723.3
1442.8,-721.9
1452.1,-719.0
1461.2,-714.0
1470.1,-707.1
1478.9,-698.2
1486.1,-687.5
1491.9,-675.0
1496.2,-660.7
1499.1,-646.5
1502.6,-631.1
1506.1,-615.9
1509.0,-601.7
1511.2,-588.4
1514.4,-574.4
1516.1,-560.7
1515.4,-547.4
1512.0,-534.5
1505.3,-522.9
1497.3,-511.4
1487.4,-501.3
1475.3,-493.8
1462.1,-488.5
1447.0,-486.4
1433.3,-485.7
1418.3,-488.9
1405.2,-494.3
1392.9,-502.6
1381.9,-512.4
1372.4,-522.2
1361.7,-530.5
1348.7,-536.2
1334.1,-539.8
1318.4,-542.2
1301.5,-545.0
1284.4,-547.3
1265.8,-550.0
1246.8,-551.9
1226.3,-553.8
1205.1,-555.1
1182.9,-556.9
1161.3,-557.7
1139.6,-558.2
1116.5,-558.9
1094.1,-558.7
1070.6,-559.0
1047.0,-559.1
1022.3,-559.7
997.4,-560.0
971.5,-561.0
945.5,-562.0
919.4,-562.7
892.3,-564.0
864.8,-565.0
837.0,-565.6
808.8,-565.6
779.5,-566.2
751.0,-565.8
721.3,-565.9
690.7,-566.7
660.8,-566.6
629.9,-567.0
598.7,-567.1
567.5,-567.2
535.6,-568.2
502.6,-569.9
470.6,-570.7
437.4,-572.2
404.1,-573.3
370.3,-574.0
336.5,-574.6
302.5,-574.9
268.1,-574.9
233.7,-574.8
198.1,-575.1
163.4,-574.6
126.8,-575.6
90.8,-575.5
54.8,-575.3
17.8,-575.7
-19.4,-576.0
-56.4,-576.3
-94.5,-577.2
-131.9,-577.1
-170.1,-578.1
-207.2,-578.5
-242.8,-578.6
-278.5,-578.9
-314.0,-579.3
-349.4,-579.7
-384.9,-580.2
-419.3,-580.1
-454.7,-580.6
-489.2,-580.4
-524.7,-580.9
-560.1,-581.4
-595.8,-581.6
-630.7,-580.9
-666.9,-580.5
-702.4,-579.1
-738.3,-577.2
-774.4,-575.1
-809.8,-572.1
-846.5,-569.3
-882.4,-565.7
-918.7,-561.5
-955.2,-557.1
-992.0,-552.3
-1029.1,-547.3
-1065.5,-541.3
-1102.1,-534.9
-1138.9,-528.3
-1175.3,-520.6
-1211.8,-512.7
-1248.5,-504.4
-1285.7,-495.7
-1322.0,-486.2
-1358.4,-476.5
-1395.1,-466.4
-1432.2,-456.1
-1467.6,-444.0
-1504.1,-432.4
-1540.9,-420.5
-1577.0,-407.6
-1613.3,-394.6
-1648.8,-380.6
-1684.5,-366.3
-1720.4,-352.0
-1755.5,-336.6
-1789.8,-320.4
-1825.5,-304.5
-1860.3,-287.9
-1895.3,-271.0
-1929.5,-253.1
-1963.8,-235.2
-1996.9,-216.8
-2029.6,-199.0
-2061.4,-180.6
-2093.8,-163.0
-2125.5,-144.6
-2157.0,-126.4
-2188.6,-108.2
-2220.9,-90.9
-2252.0,-73.2
-2282.6,-56.0
-2312.8,-39.4
-2341.8,-22.5
-2371.8,-6.1
-2401.6,10.2
-2430.7,27.3
-2460.9,43.8
-2490.1,61.1
-2520.4,77.7
-2550.7,94.6
-2581.2,111.4
-2611.5,128.3
-2642.1,145.5
-2672.8,162.7
-2703.5,179.9
-2734.3,197.3
-2765.3,214.8
-2796.2,232.3
-2827.3,250.0
-2858.6,267.9
-2889.8,285.7
-2922.1,302.9
-2953.4,321.0
-2985.7,338.3
-3016.9,356.2
-3048.2,374.2
-3079.1,391.7
-3110.9,408.3
-3141.6,425.6
-3172.1,442.6
-3202.7,459.8
-3233.3,476.9
-3264.0,494.1
-3293.7,511.8
-3325.2,528.2
-3355.9,545.4
-3386.5,562.6
-3417.0,579.6
-3447.1,596.3
-3476.2,613.4
-3506.3,629.7
-3536.4,646.3
-3565.5,663.4
-3595.6,680.0
-3626.0,696.9
-3656.5,713.8
-3687.0,730.8
-3717.6,747.9
-3748.2,765.1
-3779.9,781.7
-3810.7,799.1
-3841.8,816.9
-3872.8,834.4
-3904.0,852.2
-3936.0,869.3
-3966.8,886.6
-3996.3,904.3
-4026.5,920.8
-4056.5,937.3
-4085.4,954.1
-4115.0,970.1
-4143.5,986.5
-4172.6,1001.8
-4200.4,1017.5
-4228.0,1032.7
-4254.1,1048.2
-4280.8,1062.4
-4306.4,1077.1
-4332.7,1091.0
-4358.2,1105.5
-4383.8,1120.3
-4410.3,1134.3
-4436.2,1149.3
-4463.1,1163.9
-4489.2,1179.3
-4516.4,1194.2
-4543.5,1208.9
-4570.0,1224.8
-4597.4,1239.7
-4624.7,1254.8
-4652.0,1269.8
-4679.4,1285.0
-4706.9,1300.1
-4734.5,1315.5
-4762.2,1331.0
-4790.1,1346.7
-4817.9,1362.3
-4845.9,1378.1
-4874.0,1393.9
-4903.0,1409.3
-4931.2,1425.4
-4959.7,1441.8
-4988.2,1458.2
-5017.7,1474.1
-5047.4,1490.0
-5077.2,1506.2
-5107.1,1522.5
-5137.2,1539.1
-5167.4,1555.7
-5197.7,1572.5
-5228.1,1589.5
-5258.3,1606.1
-5288.4,1622.6
-5317.3,1639.5
-5346.8,1655.3
-5375.2,1671.7
-5403.3,1687.7
-5432.7,1703.2
-5460.2,1720.4
-5489.7,1736.2
-5518.4,1752.8
-5547.0,1769.5
-5576.8,1785.5
-5605.5,1802.2
-5635.2,1818.2
-5664.0,1835.1
-5693.7,1851.2
-5722.8,1868.3
-5752.7,1884.6
-5781.9,1902.0
-5810.3,1920.1
-5838.9,1938.4
-5867.8,1957.0
-5895.8,1976.4
-5922.9,1996.5
-5950.2,2016.9
-5977.3,2037.1
-6003.7,2058.1
-6031.1,2078.7
-6057.8,2100.1
-6083.5,2122.2
-6108.5,2145.2
-6133.5,2168.1
-6157.1,2191.4
-6180.6,2214.2
-6203.5,2236.5
-6225.0,2258.9
-6244.8,2281.1
-6264.3,2301.0
-6282.2,2320.8
-6299.4,2339.8
-6315.4,2359.2
-6331.0,2377.9
-6347.2,2395.8
-6361.9,2415.3
-6377.3,2434.1
-6393.3,2453.3
-6408.3,2473.3
-6424.0,2492.3
-6439.3,2510.7
-6454.2,2528.7
-6468.6,2546.2
-6481.8,2563.8
-6495.4,2580.2
-6507.5,2596.8
-6520.4,2612.3
-6533.0,2627.5
-6545.7,2642.8
-6558.6,2658.4
-6571.7,2674.3
-6585.2,2690.5
-6599.8,2706.5
-6614.8,2722.8
-6630.0,2739.4
-6645.6,2756.4
-6662.4,2773.1
-6678.6,2790.9
-6696.8,2807.5
-6714.4,2825.3
-6732.3,2843.3
-6751.3,2860.9
-6770.5,2878.9
-6791.1,2896.5
-6811.8,2914.2
-6832.7,2932.4
-6854.8,2950.1
-6877.1,2968.1
-6900.5,2985.6
-6923.2,3004.2
-6947.9,3021.3
-6972.8,3038.8
-6997.7,3056.4
-7023.8,3073.6
-7050.0,3090.9
-7076.3,3108.3
-7103.8,3125.2
-7131.4,3142.5
-7159.3,3159.9
-7188.2,3176.9
-7215.5,3195.6
-7245.0,3213.2
-7273.8,3231.7
-7302.6,3250.4
-7332.6,3268.6
-7362.7,3287.0
-7393.1,3305.7
-7422.8,3325.3
-7453.5,3344.4
-7484.5,3363.9
-7515.7,3383.4
-7546.9,3403.3
-7578.6,3423.4
-7610.3,3443.6
-7642.0,3464.1
-7674.9,3483.9
-7706.2,3503.8
-7737.4,3523.5
-7768.7,3543.3
-7800.0,3563.0
-7831.4,3582.9
-7863.0,3603.2
-7894.7,3623.4
-7926.5,3643.8
-7957.8,3663.6
-7988.8,3683.0
-8019.3,3701.9
-8049.4,3720.2
-8078.4,3739.2
-8108.2,3757.2
-8137.0,3775.8
-8165.7,3794.2
-8194.5,3812.7
-8223.0,3831.0
-8250.5,3849.9
-8278.1,3868.9
-8305.8,3887.9
-8333.6,3907.2
-8360.6,3927.2
-8388.7,3946.8
-8415.9,3967.1
-8443.5,3987.9
-8471.1,4008.6
-8498.8,4029.5
-8526.7,4050.7
-8554.8,4072.0
-8582.1,4094.2
-8609.6,4116.6
-8637.2,4139.2
-8664.9,4161.9
-8691.9,4185.5
-8719.9,4208.5
-8747.1,4232.5
-8775.3,4255.8
-8802.8,4280.0
-8830.3,4304.2
-8857.7,4328.4
-8885.0,4352.4
-8913.0,4375.5
-8939.9,4398.9
-8966.4,4422.1
-8993.8,4444.4
-9020.1,4467.1
-9046.1,4489.6
-9071.9,4511.9
-9097.4,4533.7
-9122.9,4555.4
-9148.2,4577.1
-9172.7,4599.5
-9199.0,4620.6
-9223.4,4642.9
-9248.8,4664.5
-9274.3,4686.3
-9299.8,4708.2
-9325.4,4730.2
-9351.9,4751.6
-9377.7,4773.8
-9403.6,4796.0
-9429.6,4818.5
-9455.6,4841.0
-9481.5,4863.2
-9507.2,4885.3
-9532.7,4907.1
-9557.9,4928.7
-9583.1,4950.3
-9608.3,4971.7
-9633.3,4992.9
-9658.3,5014.2
-9683.1,5035.2
-9708.0,5056.4
-9732.9,5077.4
-9757.7,5098.6
-9781.9,5120.7
-9808.0,5141.4
-9833.4,5163.1
-9858.9,5185.0
-9884.6,5207.1
-9910.2,5229.1
-9935.7,5250.9
-9961.1,5272.6
-9986.5,5294.4
-10012.0,5316.2
-10036.7,5338.9
-10061.4,5361.6
-10086.5,5384.7
-10111.7,5408.0
-10136.2,5432.3
-10161.6,5455.9
-10186.6,5480.7
-10211.4,5505.4
-10236.5,5530.4
-10261.8,5555.6
-10287.2,5580.9
-10311.5,5606.7
-10335.3,5632.0
-10358.7,5656.7
-10381.8,5681.0
-10403.9,5705.9
-10426.1,5731.0
-10449.1,5755.2
-10470.3,5781.0
-10491.4,5806.6
-10512.5,5832.2
-10533.3,5857.3
-10554.1,5882.4
-10574.6,5907.4
-10595.5,5932.6
-10616.4,5957.8
-10636.3,5983.8
-10656.1,6009.5
-10675.9,6035.4
-10696.1,6061.6
-10716.3,6087.9
-10735.6,6114.8
-10755.7,6141.0
-10775.0,6168.1
-10795.4,6194.5
-10815.6,6220.8
-10836.1,6247.4
-10856.4,6273.9
-10875.5,6300.5
-10895.2,6326.2
-10914.1,6352.6
-10933.8,6378.4
-10953.7,6404.2
-10973.8,6430.4
-10993.1,6457.5
-11013.5,6483.9
-11033.9,6510.6
-11053.7,6538.0
-11074.6,6565.2
-11094.7,6593.2
-11116.0,6620.8
-11136.7,6649.5
-11159.3,6676.9
-11181.4,6705.4
-11202.5,6734.5
-11223.7,6763.9
-11245.1,6793.4
-11267.5,6822.4
-11289.2,6852.4
-11312.0,6881.8
-11334.0,6912.1
-11357.2,6941.9
-11379.6,6972.6
-11402.9,7002.6
-11424.9,7033.1
-11448.1,7062.9
-11470.2,7093.3
-11492.8,7122.5
-11515.1,7151.3
-11536.2,7180.6
-11558.0,7208.7
-11579.5,7236.6
-11601.0,7264.4
-11622.5,7292.3
-11643.2,7320.9
-11664.0,7349.9
-11685.9,7378.2
-11707.2,7407.6
-11728.5,7436.9
-11750.9,7466.1
-11772.7,7496.1
-11795.4,7525.5
-11817.3,7555.6
-11839.7,7584.5
-11861.4,7612.6
-11882.3,7639.8
-11902.5,7666.1
-11921.1,7690.5
-11939.9,7711.3
-11958.6,7730.4
-11977.8,7748.4
-11996.5,7765.5
-12015.5,7781.4
-12035.4,7796.6
-12056.1,7811.0
-12077.0,7825.5
-12098.8,7839.4
-12122.2,7851.6
-12147.0,7861.9
-12172.0,7872.5
-12197.4,7883.5
-12223.0,7894.9
-12249.5,7905.3
-12274.7,7916.1
-12300.2,7925.5
-12326.4,7933.8
-12352.4,7942.1
-12377.4,7950.7
-12402.8,7958.3
-12427.3,7966.4
-12451.6,7974.2
-12476.7,7981.4
-12502.6,7987.7
-12527.6,7994.7
-12553.5,8000.9
-12578.3,8007.5
-12603.5,8013.1
-12629.3,8017.4
-12654.7,8021.3
-12679.9,8025.0
-12705.1,8028.6
-12731.0,8031.2
-12757.1,8034.1
-12783.2,8037.1
-12809.5,8040.2
-12836.8,8042.7
-12863.3,8046.1
-12890.0,8049.7
-12917.7,8052.7
-12945.3,8055.7
-12971.2,8060.2
-12997.2,8064.9
-13022.5,8070.4
-13048.0,8076.1
-13072.8,8082.9
-13098.8,8089.3
-13123.0,8097.0
-13147.3,8105.0
-13171.9,8113.1
-13195.6,8122.2
-13219.5,8131.4
-13243.6,8141.0
-13266.9,8151.2
-13290.5,8161.9
-13314.3,8172.9
-13337.6,8184.9
-13361.0,8197.2
-13384.6,8209.6
-13407.7,8223.2
-13429.8,8237.6
-13452.4,8252.3
-13475.9,8266.5
-13497.9,8282.3
-13519.8,8298.2
-13541.8,8314.0
-13562.6,8330.3
-13584.4,8345.9
-13603.7,8363.9
-13624.3,8380.0
-13644.1,8396.8
-13662.1,8415.2
-13679.4,8434.3
-13697.4,8452.4
-13714.4,8471.3
-13732.4,8489.5
-13748.5,8509.0
-13764.7,8528.7
-13781.1,8548.6
-13796.5,8569.1
-13811.9,8589.6
-13826.4,8610.7
-13840.8,8632.0
-13854.3,8653.6
-13867.7,8675.3
-13881.1,8696.9
-13893.5,8719.1
-13905.8,8741.2
-13918.0,8763.1
-13928.2,8786.3
-13939.3,8808.8
-13949.7,8832.2
-13959.8,8855.2
-13969.5,8877.7
-13977.8,8900.4
-13985.2,8923.7
-13991.8,8947.9
-13999.5,8971.6
-14006.9,8995.0
-14013.2,9018.7
-14019.2,9042.0
-14024.6,9064.8
-14029.9,9087.4
-14034.6,9109.2
-14038.9,9130.6
-14042.0,9152.2
-14045.5,9172.5
-14047.8,9193.2
-14051.1,9213.4
-14053.8,9234.5
-14056.6,9255.9
-14058.7,9278.1
-14059.9,9301.1
-14061.3,9324.2
-14062.0,9348.3
-14062.8,9372.6
-14062.0,9398.6
-14062.2,9424.0
-14061.9,9450.6
-14062.4,9476.3
-14061.9,9502.7
-14061.6,9529.2
-14061.4,9555.9
-14061.3,9582.8
-14061.3,9609.7
-14061.4,9636.9
-14061.5,9664.0
-14060.6,9691.8
-14061.5,9717.9
-14060.7,9745.9
-14060.7,9772.8
-14060.7,9799.6
-14060.3,9826.2
-14060.1,9852.9
-14060.6,9878.6
-14060.4,9905.5
-14060.4,9932.4
-14060.6,9959.5
-14060.0,9987.6
-14060.4,10015.1
-14060.1,10043.5
-14059.7,10071.8
-14059.1,10099.9
-14059.3,10127.0
-14060.4,10153.5
-14061.8,10180.3
-14064.2,10206.8
-14068.0,10233.0
-14071.6,10260.7
-14077.4,10287.4
-14085.0,10312.9
-14092.9,10338.7
-14102.1,10364.2
-14111.3,10389.8
-14122.6,10414.3
-14134.9,10438.1
-14147.3,10462.3
-14161.1,10486.2
-14176.9,10509.0
-14193.0,10532.0
-14209.9,10554.4
-14228.1,10576.5
-14247.0,10597.7
-14265.3,10619.9
-14283.6,10642.1
-14302.8,10663.5
-14321.9,10685.0
-14340.0,10707.0
-14357.8,10728.6
-14374.5,10750.7
-14392.8,10771.2
-14411.1,10791.5
-14429.2,10811.7
-14448.3,10831.2
-14468.4,10850.2
-14488.6,10869.3
-14509.6,10887.8
-14531.9,10905.8
-14553.9,10923.5
-14575.5,10940.8
-14597.4,10956.6
-14619.0,10971.9
-14639.1,10987.4
-14659.5,11001.4
-14679.4,11014.8
-14698.9,11027.7
-14718.0,11040.1
-14737.5,11051.3
-14756.8,11062.2
-14774.8,11073.4
-14793.6,11083.7
-14811.2,11094.3
-14828.6,11104.7
-14846.6,11114.0
-14862.7,11124.6
-14878.4,11134.8
-14893.1,11145.4
-14907.4,11155.6
-14921.7,11165.9
-14934.1,11177.3
-14946.7,11189.1
-14959.0,11200.6
-14971.6,11212.3
-14985.0,11223.2
-14998.6,11234.2
-15012.3,11245.5
-15024.4,11256.7
-15036.5,11264.3
-15047.4,11270.4
-15056.5,11276.2
-15063.1,11280.5
-15068.0,11283.1
-15070.6,11284.5
-15072.1,11284.6
-15073.3,11284.3
-15073.5,11284.6
-15073.6,11284.7
-15073.5,11284.6
-15074.2,11283.7
-15074.2,11283.6
-15075.0,11282.9
-15075.0,11282.8
-15075.8,11282.0
-15075.8,11282.0
-15076.5,11281.2
-15077.4,11280.5
-15078.3,11279.7
-15079.4,11279.3
-15079.6,11281.3
-15079.8,11285.1
-15081.0,11290.1
-15083.1,11296.1
-15084.5,11303.3
-15086.5,11310.9
-15088.0,11319.9
-15092.8,11325.7
-15096.4,11330.2
-15102.1,11328.1
-15107.6,11322.5
-15110.4,11313.5
-15112.0,11302.9
-15112.8,11293.3
-15114.8,11283.4
-15119.0,11272.4
-15122.7,11260.8
-15126.7,11249.9
-15133.0,11238.0
-15138.8,11223.5
-15148.1,11213.4
-15155.9,11205.2
-15163.5,11198.5
-15171.9,11192.9
-15178.1,11186.1
-15181.5,11176.0
-15181.8,11165.9
-15182.7,11154.5
-15185.2,11143.3
-15189.5,11132.6
-15194.7,11122.9
-15201.7,11111.8
-15209.7,11100.1
-15218.5,11087.8
-15226.6,11076.2
-15233.8,11065.4
-15241.7,11053.6
-15248.7,11042.6
-15255.2,11032.7
-15261.6,11022.8
-15269.2,11012.5
-15276.4,11003.5
-15284.4,10995.4
-15292.9,10989.7
-15301.7,10984.5
-15311.9,10980.9
-15321.8,10980.5
-15332.4,10982.7
-15342.1,10987.5
-15351.5,10995.3
-15360.4,11004.4
-15370.1,11014.3
-15379.2,11025.4
-15389.6,11036.2
-15399.5,11048.3
-15409.4,11060.3
-15419.8,11071.2
-15428.7,11082.0
-15436.3,11091.2
-15442.2,11100.1
-15446.7,11109.1
-15450.3,11118.9
-15456.2,11127.8
-15462.9,11135.9
-15471.3,11142.6
-15482.0,11148.5
-15490.8,11157.3
-15500.2,11166.9
-15510.0,11177.2
-15520.2,11187.7
-15531.0,11199.0
-15542.3,11211.1
-15554.1,11223.6
-15565.3,11237.2
-15576.4,11250.7
-15588.0,11263.0
-15598.8,11276.1
-15610.2,11288.2
-15620.4,11300.5
-15630.4,11310.9
-15638.0,11320.1
-15643.6,11328.6
-15648.6,11336.5
-15651.5,11345.4
-15656.1,11352.8
-15661.8,11358.0
-15668.7,11359.2
-15676.0,11355.7
-15682.0,11348.9
-15688.7,11339.2
-15693.5,11330.8
-15700.2,11321.3
-15708.3,11311.6
-15718.3,11302.3
-15728.7,11293.5
-15739.8,11284.1
-15751.3,11274.8
-15764.3,11265.5
-15777.3,11258.2
-15792.3,11251.6
-15807.5,11246.8
-15823.5,11243.0
-15838.9,11242.1
-15856.0,11241.5
-15872.0,11243.1
-15888.9,11245.9
-15905.0,11251.1
-15921.5,11256.8
-15937.3,11263.5
-15952.7,11269.8
-15968.2,11274.2
-15981.5,11278.1
-15994.8,11280.0
-16005.8,11282.7
-16016.8,11285.4
-16026.4,11289.9
-16035.7,11292.4
-16045.8,11292.3
-16056.8,11291.4
-16068.4,11291.4
-16080.8,11292.2
-16092.9,11294.4
-16107.0,11295.7
-16121.6,11297.3
-16136.3,11299.0
-16151.0,11300.9
-16166.8,11302.3
-16181.7,11304.3
-16196.2,11306.0
-16210.7,11307.6
-16224.2,11309.7
-16238.0,11310.4
-16248.7,11312.7
-16259.0,11314.7
-16266.7,11318.7
-16273.3,11323.2
-16276.5,11327.1
-16277.8,11328.7
-16278.0,11329.0
-16278.0,11329.0
-16277.9,11328.9
-16277.9,11328.8
-16278.0,11329.0
-16278.7,11329.8
-16280.2,11331.6
-16281.8,11335.4
-16285.2,11339.4
-16289.1,11344.1
-16294.3,11348.7
-16300.8,11351.4
-16309.4,11349.4
-16315.1,11343.9
-16320.5,11336.3
-16326.3,11327.5
-16332.9,11319.5
-16340.9,11311.5
-16350.2,11303.2
-16359.6,11295.0
-16369.9,11286.2
-16379.2,11278.0
-16387.8,11270.6
-16397.1,11262.4
-16405.6,11255.0
-16413.5,11248.7
-16422.6,11243.7
-16431.9,11242.6
-16440.6,11246.1
-16450.5,11251.1
-16460.4,11257.7
-16472.1,11264.8
-16481.8,11273.0
-16491.7,11281.4
-16502.2,11290.7
-16514.0,11299.8
-16525.4,11309.9
-16537.2,11320.7
-16549.2,11331.9
-16561.7,11343.4
-16575.0,11354.3
-16587.7,11366.0
-16601.1,11377.0
-16614.9,11388.4
-16627.0,11401.2
-16640.7,11412.7
-16653.6,11424.7
-16666.1,11436.4
-16679.5,11447.2
-16694.3,11456.3
-16708.0,11465.8
-16722.9,11473.4
-16737.1,11479.8
-16750.1,11485.0
-16762.1,11488.8
-16772.2,11490.4
-16781.6,11491.3
-16788.4,11492.5
-16792.1,11493.4
-16794.4,11492.7
-16794.2,11492.4
-16793.9,11492.1
-16793.7,11491.9
-16792.6,11492.3
-16792.5,11492.1
-16792.3,11492.0
-16792.2,11491.8
-16792.1,11491.7
-16792.1,11491.6
-16792.0,11491.5
-16791.9,11491.5
-16792.8,11490.7
-16792.7,11490.6
-16792.7,11490.6
-16792.7,11490.6
-16792.6,11490.5
-16792.6,11490.5
-16792.6,11490.5
-16792.6,11490.5
-16792.6,11490.5
-16792.7,11490.6
-16792.8,11490.8
-16793.9,11490.4
-16794.4,11490.9
-16795.6,11490.7
-16797.1,11490.7
-16797.6,11491.3
-16799.1,11491.4
-16800.7,11491.6
-16801.3,11492.3
-16802.8,11492.3
-16802.9,11492.6
-16802.9,11492.6
-16802.1,11493.3
-16802.1,11493.3
-16802.1,11493.3
-16802.1,11493.3
-16802.1,11493.3
-16802.1,11493.3
-16802.1,11493.3
-16802.1,11493.3
-16801.2,11494.0
-16801.2,11494.0
-16801.2,11494.0
-16801.3,11494.1
-16801.4,11494.2
-16801.9,11494.8
-16804.9,11495.0
-16808.5,11495.9
-16813.2,11496.1
-16818.9,11494.3
-16823.7,11491.2
-16827.1,11486.6
-16831.3,11479.2
-16835.1,11471.6
-16840.1,11463.4
-16845.2,11455.4
-16850.3,11447.4
-16857.2,11438.1
-16864.0,11428.6
-16870.8,11419.1
-16877.5,11409.5
-16884.2,11399.8
-16891.7,11389.5
-16899.0,11378.8
-16907.2,11367.3
-16915.2,11355.7
-16923.0,11343.9
-16931.8,11331.4
-16941.5,11318.1
-16950.1,11305.5
-16959.7,11292.0
-16970.0,11277.9
-16979.0,11263.8
-16987.8,11249.4
-16997.1,11234.0
-17005.5,11219.2
-17014.0,11204.6
-17021.7,11190.8
-17029.5,11177.0
-17037.3,11163.4
-17044.3,11150.6
-17052.4,11137.1
-17059.6,11124.5
-17068.6,11110.5
-17076.8,11097.4
-17085.3,11084.4
-17094.6,11070.8
-17103.9,11057.2
-17113.3,11043.6
-17122.7,11030.0
-17132.0,11016.3
-17141.3,11002.7
-17150.8,10989.2
-17160.3,10975.9
-17168.9,10963.0
-17178.3,10949.7
-17187.0,10936.9
-17196.9,10923.9
-17206.3,10912.3
-17217.3,10900.6
-17229.1,10890.1
-17242.8,10880.0
-17256.2,10871.3
-17270.9,10862.2
-17286.5,10852.8
-17301.4,10844.1
-17317.3,10834.8
-17332.2,10826.1
-17347.9,10816.6
-17362.9,10808.2
-17377.9,10799.5
-17392.8,10790.8
-17406.8,10782.9
-17420.1,10775.8
-17431.8,10770.6
-17442.6,10765.9
-17451.9,10762.9
-17460.2,10762.4
-17467.6,10764.4
-17475.2,10768.3
-17482.9,10774.1
-17491.1,10780.6
-17497.2,10789.8
-17502.9,10800.3
-17510.1,10809.1
-17517.0,10817.4
-17523.2,10824.9
-17529.9,10831.2
-17536.7,10837.7
-17544.6,10843.7
-17553.8,10849.6
-17563.0,10855.5
-17573.8,10859.8
-17584.5,10863.7
-17594.5,10867.2
-17604.9,10869.1
-17615.0,10870.8
-17625.8,10871.5
-17637.5,10871.4
-17649.2,10871.5
-17662.0,10871.0
-17674.7,10870.4
-17688.4,10869.3
-17702.2,10868.3
-17714.1,10868.6
-17726.7,10867.9
-17739.3,10867.2
-17751.1,10867.4
-17764.0,10867.0
-17776.6,10866.2
-17789.2,10865.6
-17801.7,10864.8
-17814.4,10864.2
-17828.1,10863.1
-17841.0,10862.8
-17853.9,10862.5
-17866.5,10861.7
-17877.9,10861.4
-17889.2,10861.0
-17901.5,10859.9
-17913.3,10860.0
-17926.2,10859.6
-17939.2,10859.4
-17951.1,10859.7
-17962.8,10859.7
-17974.3,10859.4
-17983.5,10860.1
-17992.3,10860.2
-18000.2,10861.0
-18008.3,10861.9
-18017.4,10862.4
-18025.7,10863.6
-18033.7,10864.5
-18041.7,10865.3
-18049.7,10866.2
-18057.6,10866.8
-18065.2,10867.2
-18071.4,10867.8
-18076.6,10868.7
-18081.2,10869.0
-18084.8,10869.9
-18089.6,10870.5
-18094.7,10871.4
-18102.3,10871.8
-18109.6,10873.5
-18119.0,10874.4
-18127.7,10876.0
-18137.1,10876.9
-18145.7,10878.4
-18153.9,10879.6
-18160.9,10881.0
-18167.5,10882.1
-18173.9,10882.7
-18179.2,10884.0
-18185.6,10884.6
-18192.2,10885.4
-18198.9,10886.6
-18207.0,10887.6
-18216.4,10888.4
-18225.3,10890.3
-18235.9,10890.8
-18244.6,10892.5
-18254.0,10893.4
-18262.4,10894.7
-18270.7,10895.9
-18278.7,10896.8
-18286.7,10897.6
-18293.4,10898.7
-18299.6,10899.2
-18304.9,10900.3
-18311.0,10900.7
-18316.2,10901.7
-18320.1,10902.9
-18323.5,10903.6
-18326.8,10904.1
-18329.3,10905.3
-18332.9,10906.2
-18337.5,10906.5
-18341.7,10907.9
-18347.6,10908.2
-18353.4,10909.8
-18361.2,10910.5
-18369.5,10911.8
-18377.8,10913.1
-18387.1,10913.5
-18395.0,10914.5
-18404.4,10915.2
-18413.7,10915.8
-18422.0,10918.8
-18431.0,10921.0
-18439.9,10922.8
-18448.4,10924.4
-18456.8,10925.7
-18464.8,10928.4
-18472.3,10932.2
-18480.0,10936.3
-18487.4,10939.9
-18495.2,10940.5
-18501.8,10936.2
-18505.3,10928.0
-18503.7,10919.1
-18497.9,10911.9
-18490.9,10905.2
-18483.6,10899.8
-18476.6,10893.1
-18469.3,10884.2
-18461.2,10876.1
-18454.4,10866.1
-18448.0,10856.6
-18442.8,10846.8
-18438.5,10837.9
-18437.3,10829.5
-18438.2,10821.7
-18441.6,10815.1
-18444.6,10811.8
-18451.2,10807.4
-18459.4,10803.2
-18468.5,10798.3
-18475.8,10794.8
-18484.6,10789.5
-18489.9,10785.3
-18495.9,10783.7
-18503.6,10786.1
-18510.0,10790.2
-18517.8,10794.5
-18524.2,10802.3
-18528.8,10811.4
-18533.5,10820.7
-18537.9,10829.5
-18543.2,10837.8
-18546.7,10845.6
-18552.2,10850.5
-18558.1,10855.8
-18564.2,10861.6
-18568.3,10870.0
-18570.9,10876.8
-18573.5,10881.7
-18579.1,10883.2
-18589.3,10879.7
-18598.1,10878.0
-18611.0,10874.1
-18622.1,10873.4
-18632.6,10873.7
-18645.8,10870.1
-18655.5,10873.0
-18663.7,10874.1
-18672.8,10874.7
-18681.0,10875.7
-18694.1,10872.0
-18703.9,10864.3
-18712.3,10869.3
-18720.9,10870.8
-18730.0,10869.6
-18739.2,10873.6
-18755.5,10868.4
-18761.9,10869.1
-18768.9,10870.6
-18773.6,10872.8
-18778.3,10875.0
-18782.7,10876.7
-18787.7,10877.5
-18792.4,10876.3
-18795.3,10871.0
-18798.3,10869.3
-18801.3,10867.6
-18803.6,10865.1
-18802.4,10862.0
-18800.4,10857.8
-18796.8,10855.1
-18792.5,10850.0
-18787.9,10842.5
-18783.7,10835.7
-18780.6,10831.9
-18780.1,10826.0
-18777.5,10819.3
-18774.4,10813.8
-18771.4,10808.4
-18768.4,10804.6
-18766.1,10800.1
-18761.7,10798.4
-18758.9,10796.7
-18755.9,10796.6
-18752.7,10796.2
-18750.4,10795.1
-18748.4,10794.5
-18747.2,10794.7
-18747.1,10794.6
-18746.2,10795.5
-18747.1,10794.6
-18747.6,10795.2
-18748.2,10796.0
-18747.9,10797.4
-18748.2,10797.7
-18748.2,10797.8
-18747.9,10797.4
-18746.4,10797.4
-18745.7,10796.5
-18745.5,10796.3
-18745.5,10796.3
-18744.7,10797.1
-18744.8,10797.2
-18744.8,10797.2
-18744.0,10798.0
-18744.2,10798.2
-18743.3,10798.9
-18742.4,10799.6
-18742.4,10799.6
-18741.6,10800.3
-18740.7,10801.0
-18740.7,10801.0
-18740.7,10801.0
-18740.7,10801.0
-18740.7,10801.0
-18740.9,10801.2
-18741.1,10801.4
-18742.1,10800.9
-18742.1,10801.0
-18742.3,10801.1
-18742.4,10801.2
-18742.5,10801.4
-18743.4,10800.8
-18743.5,10800.9
-18743.6,10800.9
-18743.6,10801.0
-18743.7,10801.1
-18743.8,10801.3
-18743.9,10801.4
-18744.1,10801.6
-18744.2,10801.8
-18744.4,10801.9
-18743.6,10802.8
-18743.0,10803.7
-18742.3,10804.6
-18742.4,10804.8
-18742.5,10804.9
-18741.7,10805.7
-18741.0,10806.6
-18740.2,10807.3
-18740.3,10807.5
-18739.5,10808.3
-18739.6,10808.4
-18738.8,10809.2
-18738.8,10809.2
-18738.0,10810.0
-18737.2,10810.8
-18737.3,10810.9
-18737.3,10810.9
-18736.5,10811.6
-18736.5,10811.6
-18735.7,10812.4
-18735.7,10812.4
-18735.7,10812.4
