x,y
0.0,0.0
-8.5,4.0
-10.5,3.4
-22.4,-3.5
-37.0,-8.2
-45.1,-12.4
-57.9,-16.7
-66.8,-20.1
-68.1,-21.6
-76.8,-24.8
-90.1,-24.6
-108.3,-17.9
-112.8,-7.5
-121.0,2.0
-132.6,11.0
-139.4,15.2
-143.5,8.7
-149.4,14.0
-164.1,39.0
-177.3,39.2
-177.6,37.2
-199.4,46.9
-217.8,53.5
-218.7,52.5
-236.5,72.0
-252.8,63.6
-283.7,75.3
-284.5,83.0
-287.0,92.0
-296.9,101.4
-313.1,121.0
-319.3,124.2
-334.1,134.8
-343.3,141.4
-363.1,144.6
-382.3,148.5
-385.8,147.9
-404.1,158.1
-413.7,164.2
-430.0,169.6
-439.7,180.9
-451.4,184.7
-457.9,192.7
-473.8,184.8
-481.0,188.4
-494.6,184.8
-506.4,188.4
-527.2,192.3
-529.6,182.7
-539.2,183.6
-556.6,189.6
-582.5,189.4
-576.6,187.5
-598.9,186.1
-608.5,183.8
-630.5,186.2
-641.0,179.2
-657.8,170.3
-679.1,166.5
-687.6,161.9
-696.4,150.2
-708.0,143.5
-707.0,141.3
-711.6,134.4
-733.7,136.6
-730.2,140.6
-751.2,137.4
-762.3,146.9
-777.7,153.5
-781.2,159.6
-794.9,161.2
-794.6,166.6
-802.8,171.0
-800.3,173.8
-815.1,186.2
-824.7,194.2
-839.8,195.7
-860.0,201.9
-865.9,212.4
-875.1,222.4
-883.5,231.8
-886.2,244.1
-903.9,253.3
-919.3,263.2
-925.5,276.7
-930.8,294.9
-941.9,306.4
-956.8,324.0
-966.6,336.9
-975.7,345.3
-981.6,357.5
-992.6,367.2
-998.7,381.0
-1011.0,387.6
-1014.3,397.5
-1025.2,400.4
-1023.4,405.9
-1028.4,410.4
-1036.4,411.5
-1038.6,410.6
-1044.7,412.2
-1045.9,410.7
-1050.8,412.1
-1056.3,416.0
-1051.7,416.2
-1052.7,416.6
-1053.0,416.4
-1053.8,417.1
-1053.7,417.3
-1053.5,417.4
-1053.6,417.4
-1054.4,418.1
-1056.5,419.1
-1059.9,422.1
-1063.0,430.4
-1066.2,440.6
-1069.3,452.6
-1075.5,466.2
-1081.0,478.8
-1087.6,493.7
-1094.3,508.4
-1100.8,523.5
-1107.9,539.5
-1114.6,555.9
-1121.1,571.1
-1128.5,586.6
-1137.3,602.5
-1145.2,617.5
-1155.2,632.0
-1167.6,645.5
-1180.2,660.4
-1190.5,674.6
-1202.2,688.8
-1213.3,701.8
-1221.9,714.6
-1232.7,726.2
-1244.4,735.2
-1258.5,744.9
-1273.7,753.5
-1288.4,762.4
-1302.7,771.9
-1320.2,782.9
-1337.0,793.1
-1353.2,803.8
-1370.8,814.8
-1387.8,824.7
-1405.9,835.1
-1422.4,843.9
-1439.0,852.3
-1455.7,862.6
-1473.4,871.7
-1490.5,879.8
-1507.7,887.8
-1525.2,897.1
-1542.3,905.1
-1559.3,913.2
-1576.4,921.3
-1593.4,929.3
-1610.7,937.1
-1627.7,945.3
-1643.9,952.5
-1660.7,960.9
-1676.6,970.2
-1694.9,978.7
-1714.1,987.9
-1732.2,996.5
-1749.3,1004.5
-1766.7,1012.1
-1783.2,1020.9
-1799.1,1028.6
-1813.3,1036.3
-1828.6,1044.7
-1842.3,1051.3
-1852.8,1056.5
-1864.2,1062.4
-1875.8,1067.9
-1886.6,1072.8
-1898.5,1078.0
-1910.5,1081.3
-1924.7,1085.7
-1941.3,1092.6
-1959.4,1097.6
-1976.5,1102.3
-1993.7,1106.7
-2010.8,1109.4
-2028.2,1111.9
-2045.9,1112.2
-2064.1,1110.3
-2082.8,1109.5
-2102.1,1109.9
-2118.6,1109.9
-2135.8,1109.1
-2151.7,1108.1
-2171.6,1106.1
-2189.8,1104.1
-2206.7,1108.8
-2225.0,1112.0
-2241.6,1117.0
-2259.1,1126.4
-2275.0,1135.7
-2287.6,1143.8
-2302.4,1156.3
-2317.4,1168.3
-2331.8,1179.5
-2347.5,1192.6
-2361.2,1204.5
-2374.3,1217.2
-2389.4,1229.2
-2406.2,1241.1
-2423.3,1252.6
-2440.7,1260.3
-2459.0,1265.2
-2476.9,1268.8
-2494.3,1271.4
-2509.7,1274.3
-2524.4,1278.1
-2541.4,1280.9
-2558.0,1284.5
-2576.0,1287.8
-2591.7,1292.2
-2606.9,1299.0
-2622.4,1305.3
-2639.5,1309.9
-2658.3,1314.2
-2677.1,1320.3
-2697.0,1325.1
-2716.2,1332.5
-2733.6,1341.8
-2751.7,1352.2
-2768.8,1362.1
-2785.7,1373.8
-2800.1,1386.8
-2813.4,1401.0
-2826.8,1415.0
-2841.2,1429.6
-2855.5,1444.3
-2870.2,1458.6
-2883.6,1472.6
-2897.3,1486.3
-2911.5,1499.3
-2925.5,1511.0
-2940.9,1522.7
-2956.9,1533.9
-2974.1,1545.2
-2990.5,1555.7
-3007.2,1566.1
-3024.2,1576.0
-3040.8,1586.2
-3057.0,1595.4
-3073.4,1604.1
-3087.7,1611.9
-3101.2,1618.7
-3114.7,1625.8
-3126.3,1631.3
-3138.4,1636.2
-3151.2,1640.4
-3162.1,1643.5
-3172.6,1645.1
-3183.5,1648.0
-3193.4,1650.3
-3204.7,1652.9
-3217.6,1655.2
-3231.1,1657.0
-3244.5,1658.7
-3258.7,1661.3
-3273.7,1664.9
-3287.9,1667.4
-3302.9,1670.9
-3317.7,1672.8
-3332.0,1675.4
-3347.3,1678.4
-3360.0,1681.2
-3374.2,1683.7
-3388.4,1686.4
-3401.8,1689.9
-3413.9,1693.2
-3426.3,1696.2
-3441.2,1699.7
-3454.9,1702.8
-3468.3,1706.4
-3481.6,1708.3
-3495.7,1711.0
-3507.9,1714.2
-3522.5,1716.5
-3538.1,1719.2
-3553.0,1722.6
-3566.0,1726.7
-3579.7,1729.9
-3593.3,1733.1
-3607.1,1736.3
-3620.4,1740.1
-3632.8,1743.0
-3645.0,1746.1
-3657.6,1750.5
-3670.0,1753.5
-3682.4,1756.4
-3694.4,1758.0
-3707.6,1760.1
-3721.2,1761.7
-3734.2,1763.9
-3746.6,1766.9
-3759.1,1769.7
-3772.3,1771.9
-3785.5,1775.5
-3799.3,1780.3
-3811.9,1783.1
-3825.1,1786.9
-3838.2,1790.7
-3851.1,1793.1
-3864.2,1797.0
-3878.0,1800.0
-3892.0,1802.9
-3907.4,1805.9
-3921.1,1809.1
-3935.9,1812.9
-3950.1,1817.1
-3963.2,1821.1
-3977.1,1824.1
-3990.3,1827.8
-4002.8,1830.7
-4016.4,1833.9
-4028.9,1836.8
-4041.9,1840.7
-4054.4,1843.6
-4066.7,1846.6
-4078.4,1848.8
-4090.5,1852.0
-4101.9,1854.2
-4114.2,1857.3
-4126.6,1860.2
-4138.3,1862.4
-4150.5,1865.5
-4161.6,1868.1
-4172.9,1870.7
-4184.1,1873.3
-4195.4,1875.7
-4207.8,1878.6
-4219.5,1880.7
-4231.7,1883.9
-4265.8,1893.7
-4276.4,1895.3
-4288.8,1896.4
-4299.8,1895.8
-4309.5,1894.9
-4320.0,1894.9
-4329.9,1893.8
-4340.2,1892.2
-4351.6,1891.3
-4361.0,1888.9
-4371.1,1887.6
-4381.1,1886.5
-4390.0,1884.8
-4399.9,1883.7
-4408.9,1881.9
-4418.2,1879.8
-4428.2,1878.5
-4437.7,1876.3
-4449.3,1875.0
-4460.1,1872.7
-4472.2,1870.9
-4485.5,1869.4
-4497.9,1867.0
-4511.3,1865.4
-4522.7,1862.7
-4534.8,1860.8
-4546.7,1859.2
-4559.4,1858.3
-4572.7,1858.5
-4586.5,1859.8
-4599.9,1861.6
-4614.1,1866.0
-4628.2,1870.5
-4643.7,1875.1
-4659.2,1878.0
-4676.8,1880.3
-4695.1,1883.4
-4713.2,1886.8
-4731.5,1891.6
-4750.6,1897.4
-4770.1,1902.9
-4788.8,1907.3
-4808.4,1912.4
-4826.3,1916.1
-4844.7,1920.9
-4861.3,1925.9
-4876.6,1932.6
-4891.5,1939.6
-4905.2,1946.2
-4919.6,1952.2
-4933.7,1958.3
-4947.0,1963.7
-4959.0,1968.7
-4968.8,1973.0
-4976.2,1976.6
-4982.2,1979.8
-4986.4,1982.0
-4990.2,1984.4
-4993.0,1986.2
-4995.9,1988.0
-4998.6,1990.1
-5001.3,1992.1
-5002.2,1992.8
-5003.9,1994.3
-5004.8,1996.6
-5005.3,2001.1
-5004.5,2007.3
-5001.8,2013.6
-4999.0,2020.3
-4996.0,2029.0
-4993.1,2039.2
-4990.1,2049.5
-4986.7,2060.3
-4983.2,2071.2
-4980.8,2082.7
-4977.6,2093.1
-4975.0,2103.1
-4972.4,2112.9
-4969.5,2121.4
-4967.3,2130.8
-4966.3,2140.7
-4966.2,2151.0
-4967.4,2161.7
-4970.2,2173.8
-4973.0,2186.2
-4974.2,2198.6
-4975.2,2211.3
-4976.4,2223.6
-4977.7,2237.6
-4978.4,2250.7
-4981.1,2264.8
-4981.8,2277.7
-4982.8,2292.0
-4984.3,2306.1
-4985.8,2319.8
-4987.2,2333.6
-4987.9,2346.5
-4989.1,2360.8
-4989.8,2373.7
-4990.9,2386.4
-4992.4,2398.4
-4994.1,2410.1
-4995.4,2420.7
-4996.0,2428.6
-4996.3,2435.1
-4997.8,2442.0
-4998.5,2448.1
-4998.7,2452.9
-4999.8,2458.6
-5000.1,2463.2
-5000.1,2466.7
-5000.7,2469.4
-5000.4,2469.7
-5000.0,2470.2
-5000.2,2471.7
-5000.4,2474.9
-5000.1,2480.3
-5001.4,2489.2
-5002.9,2499.5
-5004.4,2511.5
-5005.9,2525.4
-5008.1,2540.0
-5009.8,2555.3
-5011.8,2572.1
-5014.3,2590.0
-5015.3,2609.6
-5018.7,2628.2
-5019.5,2646.3
-5022.7,2665.3
-5025.0,2683.3
-5026.5,2700.7
-5027.9,2718.0
-5030.3,2736.2
-5032.1,2754.8
-5033.8,2773.6
-5036.4,2793.2
-5038.6,2811.5
-5041.7,2830.4
-5044.5,2849.8
-5046.2,2868.5
-5047.9,2887.4
-5050.6,2906.8
-5053.3,2926.3
-5056.2,2945.5
-5058.0,2964.2
-5061.2,2983.0
-5065.1,3002.8
-5067.8,3022.3
-5070.2,3042.0
-5072.6,3061.9
-5075.0,3081.6
-5078.6,3101.7
-5080.6,3120.3
-5082.7,3138.7
-5085.5,3157.9
-5087.6,3176.2
-5090.3,3195.7
-5092.3,3214.3
-5094.0,3233.1
-5097.0,3250.4
-5098.6,3267.5
-5099.9,3285.1
-5103.0,3302.3
-5105.0,3319.0
-5108.7,3335.6
-5110.3,3351.0
-5113.2,3366.6
-5115.6,3381.1
-5117.6,3396.1
-5119.8,3410.8
-5121.1,3424.8
-5123.0,3438.3
-5124.7,3451.8
-5126.5,3465.2
-5128.4,3478.5
-5130.2,3492.1
-5132.6,3506.5
-5135.2,3520.8
-5137.8,3535.0
-5140.7,3549.1
-5143.9,3562.5
-5147.7,3575.4
-5150.5,3585.9
-5154.0,3595.8
-5156.6,3603.0
-5160.1,3609.1
-5163.9,3613.4
-5170.0,3618.3
-5177.7,3623.2
-5185.8,3629.3
-5193.5,3637.7
-5201.0,3648.1
-5208.3,3658.7
-5216.5,3668.0
-5226.6,3677.2
-5236.9,3685.9
-5248.2,3695.3
-5258.4,3704.3
-5269.1,3714.4
-5280.2,3725.8
-5291.6,3738.7
-5302.5,3751.9
-5313.6,3767.1
-5323.1,3782.2
-5331.0,3797.2
-5338.6,3812.7
-5345.1,3827.6
-5350.1,3841.0
-5353.7,3852.2
-5357.1,3862.1
-5360.5,3870.2
-5365.0,3877.0
-5371.0,3883.7
-5378.4,3890.7
-5385.4,3898.1
-5391.4,3906.7
-5395.5,3915.8
-5400.6,3925.4
-5406.8,3933.6
-5414.0,3939.2
-5420.5,3941.9
-5425.6,3942.8
-5429.5,3943.5
-5433.8,3943.7
-5439.7,3943.7
-5447.0,3942.2
-5456.9,3941.1
-5468.7,3939.6
-5481.3,3937.1
-5496.6,3935.1
-5513.3,3933.0
-5530.7,3930.4
-5549.3,3927.9
-5569.4,3925.7
-5589.7,3923.0
-5611.4,3920.7
-5634.2,3918.6
-5657.8,3915.9
-5681.6,3912.9
-5705.5,3909.7
-5730.6,3906.9
-5755.6,3904.2
-5781.3,3902.4
-5805.8,3900.3
-5831.3,3898.8
-5855.8,3896.7
-5881.1,3895.5
-5906.3,3894.3
-5931.5,3893.2
-5957.8,3892.5
-5983.2,3891.0
-6008.7,3889.5
-6035.0,3888.9
-6060.3,3887.6
-6085.6,3886.3
-6111.0,3885.0
-6137.2,3884.3
-6162.5,3883.0
-6187.8,3881.8
-6213.2,3880.4
-6239.6,3879.6
-6265.2,3878.1
-6291.4,3877.5
-6316.7,3876.1
-6342.1,3874.8
-6367.4,3873.5
-6393.6,3872.9
-6418.8,3871.7
-6444.2,3870.4
-6469.4,3869.0
-6494.0,3867.0
-6520.3,3866.3
-6544.9,3864.0
-6569.3,3862.1
-6592.7,3859.4
-6617.1,3857.4
-6641.6,3855.4
-6665.3,3852.5
-6688.8,3849.6
-6712.4,3846.8
-6736.0,3844.0
-6758.8,3840.3
-6782.3,3837.6
-6805.1,3834.0
-6828.9,3831.0
-6851.9,3827.1
-6875.7,3824.0
-6898.5,3820.3
-6921.2,3816.7
-6944.8,3813.9
-6967.6,3810.2
-6990.4,3806.6
-7014.1,3803.7
-7036.6,3800.3
-7059.1,3797.1
-7082.5,3794.5
-7105.1,3791.0
-7128.9,3787.9
-7153.0,3784.5
-7177.3,3780.8
-7202.8,3777.8
-7227.3,3773.8
-7253.0,3770.4
-7277.7,3766.4
-7303.1,3763.2
-7327.3,3759.6
-7350.3,3755.8
-7373.8,3753.1
-7396.1,3750.0
-7417.8,3745.9
-7440.5,3742.3
-7463.6,3738.4
-7486.8,3734.2
-7510.3,3729.7
-7534.0,3725.0
-7557.8,3720.2
-7581.7,3715.3
-7605.7,3710.4
-7630.7,3706.0
-7655.1,3700.4
-7678.6,3694.4
-7703.1,3688.7
-7727.6,3683.2
-7751.4,3676.6
-7776.3,3670.5
-7801.2,3664.5
-7825.6,3657.4
-7850.0,3650.2
-7874.3,3643.0
-7898.6,3636.0
-7922.0,3628.2
-7945.4,3620.3
-7969.2,3612.1
-7992.0,3603.3
-8015.6,3595.3
-8038.0,3586.8
-8060.7,3578.2
-8083.5,3569.2
-8107.0,3561.2
-8129.6,3552.8
-8150.8,3544.0
-8172.5,3536.3
-8193.0,3528.3
-8213.1,3520.8
-8231.5,3513.5
-8249.7,3506.5
-8267.5,3499.7
-8284.6,3492.1
-8301.8,3484.6
-8319.1,3476.7
-8336.0,3467.7
-8353.2,3458.3
-8369.9,3447.8
-8386.3,3435.7
-8403.0,3423.5
-8417.7,3410.0
-8433.5,3397.1
-8447.4,3382.7
-8460.8,3369.0
-8474.7,3356.6
-8487.5,3343.5
-8500.9,3331.6
-8512.7,3319.7
-8524.7,3309.4
-8536.1,3299.7
-8546.8,3290.8
-8556.8,3282.7
-8567.3,3275.9
-8576.9,3268.2
-8587.2,3259.8
-8598.7,3251.7
-8609.5,3242.8
-8621.1,3234.6
-8632.6,3226.5
-8644.0,3218.7
-8655.3,3210.8
-8665.4,3202.5
-8676.1,3195.5
-8685.2,3188.4
-8693.3,3182.5
-8699.4,3177.1
-8705.3,3173.8
-8708.2,3170.5
-8710.0,3168.5
-8710.7,3167.7
-8710.8,3167.6
-8710.6,3167.8
-8709.6,3167.2
-8709.5,3167.3
-8709.3,3167.5
-8709.2,3167.7
-8708.3,3167.0
-8708.1,3167.2
-8708.0,3167.3
-8708.1,3167.2
-8709.1,3166.1
-8711.2,3163.6
-8715.3,3160.6
-8720.2,3156.8
-8724.6,3151.5
-8729.8,3147.4
-8734.8,3143.2
-8739.0,3136.8
-8744.7,3130.1
-8751.7,3123.8
-8760.0,3117.6
-8768.9,3112.7
-8779.2,3109.4
-8789.9,3107.5
-8800.7,3107.0
-8811.7,3108.1
-8821.9,3110.1
-8832.0,3113.9
-8841.4,3118.6
-8849.7,3124.5
-8857.7,3132.4
-8865.1,3141.2
-8872.0,3150.4
-8878.5,3160.1
-8883.9,3169.5
-8887.7,3178.8
-8889.8,3188.4
-8891.4,3198.7
-8891.8,3208.5
-8890.3,3217.1
-8888.7,3227.3
-8887.1,3237.9
-8886.8,3248.5
-8888.0,3259.2
-8892.0,3270.1
-8898.1,3280.4
-8905.7,3288.8
-8915.2,3296.7
-8925.5,3303.8
-8937.2,3311.1
-8948.6,3316.9
-8960.2,3322.4
-8973.0,3328.4
-8986.2,3334.0
-8999.5,3339.3
-9013.3,3344.2
-9028.0,3349.6
-9042.8,3355.1
-9056.8,3359.7
-9070.8,3364.4
-9084.6,3369.0
-9097.5,3373.1
-9109.4,3376.7
-9120.0,3380.1
-9129.6,3382.7
-9138.5,3384.5
-9147.5,3386.2
-9156.3,3388.0
-9165.6,3391.0
-9173.9,3393.5
-9181.1,3395.5
-9189.3,3398.1
-9197.6,3400.5
-9206.1,3402.7
-9214.9,3404.6
-9224.7,3407.3
-9233.7,3408.8
-9243.6,3411.1
-9252.2,3413.3
-9260.1,3416.2
-9265.6,3418.3
-9268.2,3418.9
-9269.1,3419.5
-9268.8,3419.9
-9267.6,3419.6
-9267.4,3419.8
-9267.2,3420.1
-9267.0,3420.3
-9266.9,3420.4
-9266.7,3420.6
-9266.5,3420.8
-9265.6,3420.1
-9265.6,3420.1
-9265.6,3420.1
-9265.5,3420.2
-9265.5,3420.2
-9265.6,3420.1
-9265.6,3420.1
-9265.5,3420.2
-9265.4,3420.2
-9265.3,3420.4
-9265.3,3420.5
-9265.2,3420.6
-9265.2,3420.6
-9265.1,3420.6
-9265.3,3420.5
-9265.3,3420.4
-9265.4,3420.2
-9266.9,3420.4
-9271.2,3422.2
-9276.7,3424.3
-9283.5,3426.9
-9291.3,3429.9
-9299.3,3432.6
-9308.2,3436.3
-9317.9,3440.4
-9327.1,3443.8
-9336.9,3447.9
-9347.7,3452.6
-9357.8,3456.4
-9368.1,3460.1
-9378.3,3463.7
-9389.5,3468.0
-9400.8,3472.3
-9412.1,3476.5
-9423.4,3480.8
-9435.9,3485.4
-9448.3,3490.0
-9460.7,3494.7
-9473.1,3499.5
-9485.6,3504.0
-9500.0,3509.8
-9512.7,3514.0
-9527.4,3519.7
-9541.1,3524.6
-9554.7,3529.7
-9568.3,3534.8
-9581.7,3540.0
-9594.0,3544.8
-9605.3,3549.0
-9617.3,3554.1
-9629.3,3559.3
-9641.3,3564.5
-9653.3,3569.7
-9665.2,3574.9
-9677.4,3579.8
-9690.2,3585.6
-9702.3,3590.7
-9715.2,3596.6
-9728.0,3602.5
-9740.8,3608.4
-9753.6,3614.4
-9766.5,3620.4
-9779.2,3626.3
-9791.8,3632.5
-9804.4,3638.7
-9816.9,3645.1
-9829.3,3651.4
-9841.8,3657.9
-9854.1,3664.4
-9866.3,3670.9
-9877.6,3676.9
-9889.0,3682.9
-9901.1,3689.5
-9914.1,3696.9
-9926.2,3703.7
-9938.4,3710.4
-9951.4,3717.9
-9964.4,3725.4
-9976.3,3732.3
-9988.3,3739.2
-10001.0,3747.1
-10012.0,3753.4
-10024.6,3761.3
-10036.3,3768.5
-10047.9,3775.8
-10060.3,3783.9
-10071.8,3791.4
-10083.2,3799.0
-10095.4,3807.4
-10106.8,3815.0
-10119.1,3823.2
-10130.6,3830.8
-10142.8,3839.1
-10154.1,3846.7
-10165.3,3854.5
-10177.2,3863.2
-10188.3,3871.3
-10199.4,3879.2
-10211.1,3888.1
-10222.0,3896.2
-10232.9,3904.3
-10244.8,3913.1
-10256.7,3921.8
-10268.4,3930.7
-10279.4,3938.8
-10291.2,3947.7
-10301.1,3955.2
-10310.1,3962.1
-10317.3,3967.5
-10324.5,3972.9
-10330.9,3977.7
-10336.2,3981.7
-10339.0,3983.7
-10340.7,3985.1
-10341.6,3985.8
-10340.6,3985.1
-10340.6,3985.1
-10340.6,3985.2
-10340.6,3985.2
-10340.6,3985.1
-10340.6,3985.1
-10339.8,3984.4
-10339.8,3984.3
-10339.8,3984.3
-10339.8,3984.3
-10339.8,3984.3
-10339.8,3984.3
-10339.8,3984.3
-10339.8,3984.3
-10339.8,3984.3
-10339.0,3983.6
-10339.0,3983.6
-10339.0,3983.6
-10339.0,3983.6
-10339.0,3983.6
-10339.0,3983.6
-10339.0,3983.6
-10339.0,3983.6
-10339.0,3983.6
-10339.0,3983.6
-10339.0,3983.6
-10339.0,3983.7
-10338.9,3983.8
-10338.8,3983.8
-10339.7,3984.5
-10342.5,3986.5
-10346.1,3989.2
-10351.5,3993.1
-10358.0,3997.7
-10364.4,4002.4
-10371.0,4006.7
-10377.8,4011.0
-10385.5,4015.8
-10394.0,4021.4
-10401.9,4026.2
-10409.6,4030.9
-10418.4,4036.4
-10427.1,4041.8
-10436.0,4047.1
-10445.1,4052.0
-10454.2,4057.0
-10463.4,4062.0
-10472.5,4066.8
-10482.6,4072.4
-10492.4,4076.8
-10502.9,4081.7
-10513.7,4086.5
-10524.6,4091.2
-10535.6,4095.9
-10546.6,4100.4
-10557.7,4104.7
-10569.0,4109.0
-10580.1,4113.4
-10590.4,4117.0
-10600.7,4120.7
-10610.9,4124.4
-10621.1,4128.1
-10630.7,4130.9
-10641.3,4134.1
-10653.8,4138.7
-10665.5,4142.3
-10678.1,4146.8
-10689.9,4150.5
-10702.7,4154.7
-10715.4,4159.1
-10728.1,4163.4
-10741.7,4168.5
-10754.5,4172.8
-10767.1,4177.2
-10778.7,4181.0
-10791.3,4185.4
-10802.9,4189.3
-10813.7,4192.4
-10825.2,4196.4
-10835.8,4199.6
-10846.2,4203.1
-10856.7,4206.5
-10866.9,4210.2
-10875.1,4212.8
-10882.9,4215.9
-10889.0,4217.5
-10895.8,4219.8
-10901.7,4221.6
-10907.8,4223.2
-10913.8,4224.7
-10919.8,4226.5
-10923.8,4227.0
-10926.4,4227.5
-10927.6,4227.7
-10929.7,4228.7
-10932.5,4229.0
-10936.1,4229.9
-10939.8,4230.8
-10943.3,4231.8
-10945.9,4232.2
-10948.5,4232.8
-10949.7,4233.0
-10950.0,4232.6
-10950.1,4232.6
-10950.2,4232.5
-10950.3,4232.4
-10950.3,4232.4
-10950.3,4232.3
-10950.1,4232.6
-10949.9,4232.8
-10949.7,4233.0
-10950.0,4232.7
-10950.2,4232.5
-10950.4,4232.2
-10950.5,4232.1
-10950.6,4232.1
-10950.6,4232.0
-10950.9,4231.7
-10951.0,4231.6
-10951.3,4231.2
-10952.2,4231.9
-10952.3,4231.8
-10952.4,4231.7
-10952.4,4231.6
-10952.5,4231.5
-10952.4,4231.6
-10952.5,4231.5
-10952.6,4231.4
-10953.0,4230.9
-10955.9,4231.0
-10961.2,4231.6
-10967.1,4231.8
-10975.0,4233.0
-10984.2,4234.4
-10994.5,4236.3
-11004.8,4238.2
-11014.9,4240.3
-11024.7,4242.6
-11033.9,4244.3
-11042.1,4245.1
-11050.0,4244.6
-11056.9,4241.7
-11062.7,4236.9
-11067.9,4230.8
-11070.7,4220.7
-11073.6,4210.5
-11075.8,4199.3
-11077.7,4186.8
-11079.1,4173.3
-11081.5,4160.0
-11083.3,4145.9
-11085.2,4131.7
-11087.8,4118.3
-11089.5,4104.3
-11091.8,4091.3
-11093.0,4077.9
-11095.0,4065.3
-11097.7,4053.6
-11098.7,4040.3
-11101.6,4028.4
-11103.3,4016.1
-11104.6,4004.2
-11105.4,3993.1
-11106.5,3983.0
-11107.5,3973.3
-11109.7,3964.1
-11111.4,3953.6
-11114.3,3943.2
-11118.7,3933.1
-11123.2,3922.7
-11128.3,3913.4
-11134.4,3904.7
-11140.4,3896.1
-11147.1,3888.4
-11153.8,3880.8
-11160.7,3872.7
-11168.5,3865.4
-11176.3,3858.1
-11184.0,3851.0
-11191.8,3843.8
-11199.8,3836.2
-11209.0,3829.0
-11218.5,3821.6
-11227.3,3813.2
-11237.1,3805.5
-11246.7,3797.9
-11256.2,3790.3
-11265.6,3782.9
-11274.0,3775.0
-11282.9,3768.1
-11291.2,3760.4
-11300.3,3753.3
-11308.4,3745.7
-11315.6,3737.5
-11323.0,3729.0
-11328.7,3719.0
-11334.6,3708.7
-11340.7,3698.3
-11346.7,3688.0
-11351.6,3677.1
-11356.6,3666.2
-11361.7,3655.2
-11366.9,3644.0
-11372.3,3632.7
-11378.6,3622.1
-11385.8,3612.0
-11393.9,3602.7
-11402.1,3593.1
-11411.2,3584.5
-11421.0,3576.7
-11431.3,3569.9
-11441.5,3563.3
-11452.3,3557.9
-11463.8,3553.3
-11476.0,3549.5
-11488.5,3545.5
-11502.2,3541.7
-11515.1,3537.2
-11527.6,3533.2
-11538.8,3529.0
-11550.4,3525.9
-11562.2,3522.6
-11573.4,3518.3
-11584.7,3514.1
-11595.7,3509.9
-11607.0,3505.7
-11619.1,3502.0
-11631.2,3498.4
-11643.2,3495.0
-11655.3,3491.2
-11667.7,3487.3
-11680.6,3483.0
-11693.5,3478.5
-11706.2,3474.2
-11719.1,3469.7
-11731.9,3465.2
-11743.7,3460.2
-11755.2,3455.7
-11766.6,3451.1
-11778.3,3446.2
-11791.3,3441.6
-11804.5,3436.9
-11818.1,3433.3
-11831.2,3428.6
-11844.4,3423.7
-11857.6,3419.0
-11870.4,3414.5
-11882.4,3409.4
-11893.1,3403.8
-11904.5,3399.4
-11914.0,3393.6
-11924.6,3388.4
-11934.3,3382.3
-11945.3,3376.5
-11956.1,3369.3
-11968.1,3362.4
-11979.5,3354.4
-11992.2,3346.7
-12005.1,3338.8
-12017.0,3330.2
-12029.7,3322.5
-12042.4,3314.8
-12054.8,3307.5
-12066.2,3299.6
-12078.6,3292.3
-12090.9,3284.8
-12102.6,3276.6
-12115.1,3269.2
-12127.6,3261.6
-12140.3,3253.9
-12153.1,3246.2
-12165.8,3238.5
-12177.5,3230.2
-12190.0,3222.7
-12202.5,3215.2
-12215.1,3207.7
-12226.8,3199.5
-12239.2,3192.0
-12250.5,3184.2
-12262.2,3177.5
-12272.9,3170.5
-12283.0,3164.0
-12292.8,3157.9
-12301.5,3151.3
-12310.8,3145.8
-12319.5,3141.0
-12327.6,3136.7
-12333.8,3133.1
-12338.1,3129.8
-12341.4,3127.7
-12342.9,3126.0
-12343.4,3125.3
-12343.4,3125.3
-12343.9,3124.8
-12346.8,3123.2
-12352.2,3120.5
-12357.5,3116.0
-12364.8,3111.1
-12373.8,3105.8
-12383.6,3099.7
-12393.9,3093.1
-12404.3,3086.3
-12415.3,3080.6
-12425.1,3074.3
-12435.4,3067.7
-12445.6,3061.1
-12455.8,3054.6
-12466.1,3047.8
-12478.1,3041.0
-12491.0,3033.2
-12504.4,3024.5
-12518.2,3015.6
-12531.9,3006.7
-12545.7,2997.8
-12560.0,2990.1
-12574.6,2983.6
-12588.7,2977.7
-12602.6,2973.8
-12616.6,2971.4
-12629.6,2970.4
-12641.5,2970.4
-12652.8,2971.2
-12664.6,2973.1
-12675.3,2974.5
-12686.6,2977.0
-12696.4,2979.4
-12707.3,2984.1
-12717.1,2988.3
-12728.2,2994.5
-12737.6,3000.7
-12748.1,3009.4
-12757.3,3017.8
-12766.9,3027.5
-12776.3,3037.4
-12786.2,3048.3
-12796.2,3059.3
-12806.2,3070.3
-12815.2,3080.6
-12825.3,3091.4
-12835.8,3101.7
-12846.6,3111.6
-12857.3,3120.2
-12869.5,3128.4
-12881.8,3135.0
-12894.0,3140.0
-12907.5,3145.1
-12920.8,3148.7
-12935.5,3152.5
-12950.3,3154.6
-12965.0,3154.9
-12979.8,3153.3
-12996.1,3151.8
-13012.8,3150.0
-13029.8,3147.6
-13046.3,3144.3
-13064.5,3142.3
-13081.2,3138.9
-13098.4,3136.3
-13115.3,3134.1
-13131.2,3131.2
-13148.0,3129.4
-13163.5,3126.9
-13179.1,3124.6
-13194.5,3122.4
-13208.8,3119.9
-13223.7,3118.2
-13237.7,3115.9
-13251.7,3113.6
-13265.0,3110.3
-13279.1,3108.0
-13293.1,3105.7
-13306.8,3103.6
-13320.6,3101.6
-13334.0,3100.0
-13347.6,3098.0
-13361.7,3095.7
-13376.0,3093.2
-13391.1,3091.2
-13405.2,3088.8
-13419.2,3086.4
-13433.1,3084.3
-13445.9,3081.7
-13458.6,3079.1
-13472.0,3077.4
-13484.8,3074.7
-13496.8,3071.3
-13509.2,3067.3
-13521.0,3062.6
-13532.9,3057.4
-13544.3,3051.1
-13556.2,3044.4
-13568.3,3037.2
-13579.8,3029.2
-13591.5,3021.0
-13604.3,3013.2
-13616.4,3004.5
-13629.2,2996.6
-13643.0,2989.5
-13656.6,2982.4
-13670.1,2975.5
-13684.4,2969.4
-13697.6,2962.8
-13712.6,2957.7
-13726.6,2952.0
-13739.6,2945.7
-13753.4,2940.1
-13766.6,2933.6
-13779.8,2927.0
-13792.3,2919.6
-13805.9,2912.6
-13819.0,2904.4
-13833.4,2896.5
-13847.9,2888.4
-13861.7,2879.5
-13876.2,2871.5
-13889.5,2863.1
-13902.7,2854.9
-13916.6,2847.4
-13930.0,2839.1
-13943.2,2830.6
-13956.7,2822.2
-13970.0,2813.6
-13982.8,2804.1
-13995.8,2794.4
-14008.0,2783.8
-14020.1,2773.3
-14030.4,2761.5
-14041.5,2750.5
-14050.9,2738.0
-14061.1,2726.3
-14070.3,2714.0
-14080.6,2702.1
-14090.3,2689.2
-14100.3,2676.0
-14111.5,2663.1
-14121.1,2648.6
-14132.3,2635.8
-14142.5,2622.3
-14152.6,2608.9
-14162.6,2595.8
-14173.1,2583.7
-14183.3,2572.0
-14192.4,2559.9
-14201.2,2547.9
-14210.2,2536.0
-14219.6,2525.0
-14227.1,2513.1
-14235.9,2502.9
-14244.4,2493.2
-14252.5,2483.9
-14260.1,2475.1
-14267.4,2466.8
-14276.5,2459.7
-14284.7,2452.0
-14293.5,2445.3
-14303.0,2439.5
-14312.9,2433.3
-14322.0,2426.3
-14331.7,2420.2
-14341.2,2414.7
-14349.5,2408.5
-14357.6,2402.6
-14366.3,2397.8
-14373.6,2392.9
-14380.2,2388.6
-14385.2,2384.7
-14389.0,2381.9
-14391.8,2380.4
-14393.7,2380.1
-14393.7,2380.0
-14393.6,2380.2
-14393.3,2380.3
-14393.2,2380.4
-14393.1,2380.6
-14393.0,2380.8
-14393.8,2381.6
-14392.8,2381.0
-14392.6,2381.2
-14392.6,2381.3
-14392.5,2381.4
-14392.4,2381.5
-14392.3,2381.5
-14392.2,2381.6
-14392.2,2381.7
-14393.0,2382.5
-14393.0,2382.5
-14392.9,2382.6
-14392.8,2382.7
-14393.2,2382.2
-14395.3,2381.7
-14396.9,2379.8
-14399.1,2378.9
-14400.0,2377.9
-14401.9,2377.4
-14403.0,2376.1
-14404.6,2375.9
-14405.6,2374.8
-14407.0,2373.2
-14409.5,2372.0
-14412.1,2370.7
-14415.2,2368.9
-14420.2,2368.2
-14426.3,2369.8
-14432.9,2374.2
-14439.6,2380.2
-14447.6,2388.3
-14456.3,2397.2
-14465.1,2405.9
-14475.0,2415.3
-14484.9,2424.5
-14494.1,2433.0
-14502.5,2440.5
-14511.0,2447.9
-14518.9,2454.2
-14526.2,2459.5
-14533.5,2464.8
-14539.4,2468.4
-14546.1,2472.7
-14551.9,2476.2
-14558.7,2480.5
-14564.4,2484.1
-14570.2,2487.8
-14574.9,2490.9
-14579.7,2493.9
-14582.7,2495.6
-14587.3,2498.7
-14592.2,2501.7
-14597.0,2504.8
-14601.0,2507.1
-14605.8,2510.0
-14609.7,2512.4
-14613.6,2514.8
-14617.7,2517.0
-14620.5,2518.8
-14623.3,2520.6
-14626.2,2522.4
-14630.1,2524.9
-14632.0,2526.0
-14632.9,2526.6
-14633.0,2526.5
-14633.1,2526.4
-14633.2,2526.3
-14632.4,2525.6
-14632.4,2525.6
-14632.4,2525.6
-14632.4,2525.6
-14632.4,2525.6
-14632.4,2525.6
-14632.4,2525.6
-14632.4,2525.6
-14632.4,2525.6
-14632.4,2525.5
-14632.4,2525.5
-14632.5,2525.4
-14632.6,2525.3
-14632.6,2525.3
-14632.6,2525.3
-14633.6,2525.9
-14635.7,2526.8
-14638.6,2528.7
-14641.5,2530.4
-14644.5,2532.2
-14644.5,2532.2
-14645.4,2532.9
-14646.2,2533.6
-14647.1,2534.3
-14648.8,2535.7
-14649.8,2536.2
-14650.7,2536.9
-14650.8,2536.8
-14651.7,2537.5
-14651.7,2537.5
-14651.8,2537.4
-14651.8,2537.4
-14651.9,2537.3
-14652.0,2537.2
-14652.0,2537.2
-14652.8,2537.8
-14651.7,2537.5
-14651.8,2537.4
-14653.8,2538.5
-14656.6,2540.3
-14659.4,2542.2
-14662.3,2544.0
-14665.2,2545.9
-14669.0,2548.3
-14672.7,2550.8
-14675.7,2554.3
-14676.5,2558.5
-14674.9,2563.7
-14671.8,2568.9
-14667.2,2574.3
-14661.5,2580.8
-14656.7,2588.2
-14651.1,2594.4
-14646.6,2601.3
-14641.1,2607.7
-14636.3,2614.9
-14630.8,2621.3
-14625.5,2627.3
-14621.1,2634.1
-14617.0,2640.5
-14612.4,2645.8
-14609.6,2652.4
-14606.5,2657.6
-14604.2,2662.1
-14602.5,2665.7
-14602.0,2669.7
-14603.1,2673.6
-14605.0,2676.5
-14608.1,2679.7
-14612.6,2683.0
-14616.6,2685.3
-14621.4,2688.3
-14627.1,2692.1
-14631.7,2695.3
-14636.5,2698.4
-14641.5,2701.2
-14646.5,2704.1
-14651.1,2707.2
-14653.9,2709.2
-14655.7,2710.4
-14657.4,2711.9
-14658.5,2714.0
-14659.2,2718.3
-14657.5,2722.0
-14656.8,2726.2
-14655.8,2729.2
-14654.5,2732.2
-14653.1,2735.6
-14651.1,2738.0
-14651.0,2739.8
-14650.7,2740.2
-14650.5,2740.3
-14650.5,2740.4
-14650.4,2740.5
-14650.4,2740.5
-14650.3,2740.6
-14650.2,2740.7
-14650.2,2740.7
-14650.2,2740.7
-14650.1,2740.8
-14650.0,2740.9
-14649.9,2741.0
-14649.8,2741.2
-14649.8,2741.2
-14650.6,2741.9
-14650.5,2742.1
-14650.4,2742.2
-14650.3,2742.3
-14650.3,2742.3
-14650.2,2742.4
-14650.2,2742.4
-14650.1,2742.6
-14650.1,2742.6
-14650.8,2743.4
-14650.7,2743.5
-14650.6,2743.6
-14651.3,2744.5
-14651.1,2744.8
-14650.9,2745.0
-14650.9,2745.0
-14650.8,2745.1
-14650.7,2745.2
-14650.7,2745.2
-14650.7,2745.2
-14650.7,2745.2
-14650.8,2745.1
-14650.8,2745.1
-14650.7,2745.2
-14650.7,2745.2
-14650.7,2745.3
-14650.7,2745.3
-14651.5,2746.0
-14651.4,2746.1
-14651.4,2746.1
-14651.4,2746.1
-14651.3,2746.2
-14651.3,2746.2
-14651.3,2746.2
-14651.3,2746.2
-14651.3,2746.2
-14652.2,2746.9
-14652.2,2746.9
-14652.2,2746.9
-14652.1,2747.0
-14652.1,2747.0
-14652.0,2747.1
-14652.0,2747.1
-14652.0,2747.1
-14652.0,2747.1
