x,y
0.0,0.0
0.7,2.3
2.2,4.6
4.3,8.3
7.5,13.1
11.2,18.0
14.9,21.8
18.7,26.7
22.5,30.5
26.8,33.2
32.0,35.9
36.9,37.6
40.5,39.1
42.9,39.3
44.2,39.4
45.0,39.5
45.5,39.6
45.7,39.6
45.8,39.6
46.0,39.6
46.4,39.6
47.0,39.7
48.8,38.8
51.3,36.8
54.3,33.8
57.9,28.4
61.7,23.2
66.0,16.9
71.2,9.5
76.7,1.0
82.2,-6.4
88.0,-15.9
93.8,-24.4
99.5,-32.9
105.1,-41.3
110.5,-49.9
116.0,-57.3
121.4,-65.8
126.6,-74.3
131.7,-81.7
136.5,-89.1
141.1,-96.5
145.4,-102.8
149.4,-109.2
152.7,-114.5
155.5,-118.8
157.5,-121.9
159.3,-125.1
160.8,-127.2
162.3,-129.3
164.2,-132.5
166.9,-136.7
170.1,-142.0
173.4,-147.3
177.1,-153.8
181.2,-160.0
185.6,-167.5
190.3,-175.0
195.5,-183.5
200.6,-192.0
206.1,-200.5
211.9,-209.0
217.7,-217.5
223.5,-225.9
229.5,-234.4
235.5,-242.8
241.3,-251.3
246.9,-259.7
252.3,-267.1
257.8,-275.6
263.0,-284.2
268.2,-292.7
275.7,-298.6
282.5,-305.9
286.4,-313.4
289.4,-324.5
293.9,-335.3
299.2,-347.3
304.3,-359.2
309.5,-372.3
314.5,-384.3
319.3,-395.2
323.7,-406.1
328.6,-416.9
333.6,-427.8
338.4,-437.4
343.6,-448.3
348.6,-458.0
353.8,-468.8
359.6,-478.4
365.7,-486.8
371.6,-496.4
377.5,-507.1
383.6,-517.9
389.3,-527.5
395.1,-539.4
400.5,-550.2
406.1,-559.8
410.1,-569.6
414.6,-579.3
418.8,-589.1
423.2,-598.9
427.8,-607.5
432.7,-617.1
438.1,-626.7
443.9,-637.5
449.5,-647.1
456.0,-658.9
462.3,-669.7
468.1,-680.5
473.1,-691.2
477.9,-701.0
483.9,-708.2
489.8,-715.5
494.5,-723.0
498.7,-732.8
501.8,-742.7
504.4,-752.6
506.7,-760.3
508.9,-768.0
510.6,-774.6
511.8,-780.0
512.6,-784.6
513.1,-789.0
513.3,-794.5
512.2,-799.2
510.2,-806.1
506.4,-812.2
500.9,-819.6
495.1,-825.9
490.6,-833.1
487.4,-840.2
486.2,-849.3
485.0,-858.6
483.0,-867.8
480.5,-876.0
478.2,-884.2
476.4,-892.3
475.5,-900.3
474.9,-907.1
475.1,-913.9
475.5,-920.6
476.1,-927.3
476.8,-934.0
477.6,-941.9
478.9,-947.3
479.9,-952.9
481.1,-959.5
481.6,-965.1
482.1,-971.9
482.6,-977.4
483.2,-984.2
483.5,-988.6
483.9,-993.0
484.0,-995.3
484.1,-997.6
484.1,-998.7
484.0,-998.7
484.1,-999.8
484.0,-999.8
484.0,-999.8
484.0,-1000.9
484.0,-1000.9
484.0,-1002.1
484.1,-1004.3
483.9,-1006.5
484.0,-1011.0
484.1,-1015.6
484.4,-1022.3
484.7,-1027.9
484.8,-1034.7
484.9,-1041.4
484.9,-1049.3
484.4,-1056.2
483.9,-1064.2
483.2,-1072.1
482.4,-1080.2
480.9,-1088.2
480.0,-1097.4
479.3,-1105.4
478.9,-1114.5
478.2,-1123.6
478.5,-1131.5
477.7,-1139.5
476.7,-1148.6
475.6,-1157.8
474.3,-1165.8
473.2,-1175.0
471.6,-1183.1
469.9,-1190.0
468.5,-1196.9
467.1,-1203.9
465.7,-1209.6
464.9,-1214.2
464.3,-1217.7
463.6,-1220.0
463.2,-1222.2
462.9,-1224.5
462.6,-1225.8
462.4,-1225.8
462.3,-1226.9
462.2,-1228.0
461.7,-1229.2
461.0,-1232.6
459.9,-1236.1
458.8,-1241.9
457.6,-1248.7
456.4,-1255.7
454.9,-1264.9
453.4,-1275.3
451.7,-1286.7
449.6,-1298.3
447.1,-1310.0
446.0,-1323.7
444.7,-1337.4
443.1,-1350.1
441.0,-1360.5
438.9,-1367.6
436.2,-1374.6
432.8,-1380.6
428.0,-1384.4
422.6,-1389.6
417.2,-1396.9
412.2,-1403.0
407.7,-1410.3
403.6,-1418.6
399.9,-1424.7
396.7,-1429.5
394.1,-1434.3
391.6,-1439.1
389.2,-1443.9
386.0,-1447.6
382.5,-1453.5
378.9,-1460.7
375.0,-1469.0
370.7,-1477.4
366.0,-1485.8
361.2,-1496.5
355.6,-1507.4
350.0,-1519.3
344.3,-1531.2
338.3,-1542.0
332.7,-1552.9
327.3,-1564.8
321.7,-1575.5
316.2,-1586.4
310.5,-1597.2
304.9,-1609.0
299.0,-1621.0
293.1,-1631.9
287.4,-1643.8
281.9,-1655.8
276.5,-1667.7
271.6,-1680.7
266.7,-1693.7
262.0,-1706.7
257.4,-1719.7
252.9,-1733.8
248.9,-1750.2
244.8,-1765.4
241.3,-1781.7
238.6,-1799.2
236.7,-1816.4
235.9,-1833.6
236.0,-1850.7
237.0,-1867.7
238.8,-1883.5
241.6,-1900.2
245.0,-1915.8
249.0,-1931.4
252.8,-1946.9
257.2,-1961.2
261.9,-1975.6
267.3,-1988.7
274.0,-2001.7
281.7,-2014.5
290.3,-2024.9
298.9,-2035.4
307.5,-2043.6
316.7,-2051.8
325.4,-2057.6
333.5,-2062.5
340.1,-2065.2
345.8,-2070.3
350.2,-2076.6
353.5,-2083.0
357.6,-2089.4
363.1,-2093.3
372.2,-2094.7
380.6,-2092.6
388.4,-2087.4
395.3,-2081.0
401.9,-2075.7
408.8,-2070.5
416.9,-2068.5
424.9,-2068.8
432.8,-2071.4
440.6,-2075.1
448.0,-2080.0
455.5,-2086.0
462.4,-2092.1
469.7,-2098.2
476.6,-2103.2
483.4,-2109.2
489.9,-2114.2
497.0,-2120.3
503.8,-2126.3
510.5,-2132.4
517.1,-2139.7
523.2,-2144.7
528.1,-2149.8
531.3,-2152.8
533.4,-2156.1
534.5,-2157.1
535.1,-2158.1
535.1,-2158.1
534.9,-2158.2
534.6,-2158.2
534.7,-2159.3
534.4,-2159.3
534.3,-2159.3
534.0,-2159.4
533.9,-2159.4
533.7,-2159.4
533.6,-2159.4
534.2,-2160.5
535.3,-2161.5
536.5,-2162.5
537.3,-2163.5
537.5,-2163.5
537.4,-2163.5
537.4,-2163.5
537.4,-2163.5
537.5,-2163.5
537.7,-2163.5
537.9,-2163.4
537.9,-2163.4
537.8,-2163.4
537.7,-2163.5
537.7,-2163.5
537.7,-2163.5
537.7,-2163.5
537.7,-2163.5
537.9,-2164.6
538.5,-2164.5
540.0,-2166.6
541.6,-2170.9
542.3,-2175.4
541.6,-2179.9
539.8,-2185.8
536.3,-2191.7
531.2,-2199.1
524.8,-2206.5
517.7,-2214.1
509.8,-2222.9
501.4,-2231.7
492.9,-2240.5
484.3,-2250.5
475.4,-2259.3
466.6,-2269.4
458.0,-2278.2
449.4,-2287.0
441.3,-2295.8
433.3,-2303.4
425.7,-2312.1
418.2,-2319.7
411.1,-2327.2
404.2,-2334.7
397.5,-2342.2
390.6,-2349.7
383.7,-2356.1
376.9,-2363.6
370.4,-2371.1
363.8,-2377.5
357.6,-2384.9
351.5,-2391.1
345.6,-2396.3
339.9,-2402.6
334.1,-2408.7
328.2,-2415.0
322.4,-2421.3
316.8,-2428.7
312.1,-2434.9
308.3,-2439.7
306.0,-2443.3
304.4,-2445.7
303.4,-2446.9
302.8,-2448.2
302.3,-2448.3
301.9,-2448.3
301.8,-2448.3
301.9,-2448.3
301.9,-2448.3
302.0,-2448.3
302.0,-2448.3
302.1,-2448.3
302.1,-2448.3
302.0,-2448.3
302.0,-2448.3
302.0,-2448.3
302.0,-2448.3
302.0,-2448.3
302.0,-2448.3
302.0,-2448.3
302.0,-2448.3
302.0,-2448.3
302.0,-2448.3
302.1,-2448.3
302.1,-2448.3
302.3,-2448.3
302.3,-2448.3
302.1,-2448.3
301.9,-2448.3
301.2,-2449.5
299.2,-2451.9
296.1,-2455.6
292.7,-2460.4
288.9,-2465.4
285.5,-2471.4
283.3,-2478.4
283.6,-2486.3
287.7,-2493.8
293.9,-2499.9
301.6,-2506.0
309.5,-2510.7
317.6,-2515.6
326.1,-2520.3
334.3,-2525.2
342.8,-2530.0
351.8,-2534.7
361.3,-2540.5
370.8,-2546.4
380.9,-2552.1
391.8,-2557.8
443.4,-2589.7
458.4,-2598.4
473.0,-2606.0
487.0,-2613.7
501.2,-2622.4
517.0,-2631.1
531.6,-2638.8
546.7,-2647.4
561.8,-2656.1
576.8,-2664.9
592.0,-2672.3
607.5,-2679.9
624.6,-2689.6
640.4,-2697.0
656.1,-2704.6
673.8,-2710.7
689.8,-2717.0
705.0,-2723.4
721.5,-2732.0
736.7,-2740.7
751.9,-2748.2
767.2,-2756.9
782.6,-2765.6
797.6,-2773.1
812.9,-2781.9
828.2,-2790.6
843.6,-2799.3
858.6,-2806.8
873.8,-2815.5
888.9,-2824.1
904.3,-2832.8
919.1,-2841.6
933.7,-2850.4
948.0,-2858.0
962.3,-2866.8
977.2,-2875.5
991.6,-2884.2
1006.0,-2893.0
1020.1,-2900.6
1034.1,-2909.5
1048.3,-2917.1
1062.6,-2925.9
1076.9,-2933.6
1091.6,-2940.0
1106.9,-2946.4
1122.5,-2951.6
1137.9,-2958.0
1153.2,-2963.2
1168.6,-2967.3
1183.8,-2971.5
1199.2,-2974.4
1215.0,-2977.4
1230.6,-2979.1
1246.2,-2980.9
1262.0,-2983.9
1277.6,-2986.9
1293.3,-2989.7
1308.6,-2991.5
1324.3,-2994.5
1339.9,-2997.5
1355.6,-3000.4
1371.3,-3003.3
1387.4,-3008.5
1403.6,-3012.5
1419.8,-3016.5
1436.1,-3021.7
1452.2,-3027.9
1468.2,-3034.3
1484.3,-3039.5
1500.7,-3046.9
1517.3,-3053.1
1534.5,-3059.4
1552.0,-3066.7
1569.6,-3074.1
1587.6,-3081.3
1605.9,-3088.6
1626.1,-3093.3
1644.4,-3099.4
1662.7,-3106.7
1680.8,-3112.8
1699.1,-3120.1
1717.2,-3127.3
1735.3,-3133.5
1753.4,-3140.7
1771.5,-3148.0
1789.4,-3154.1
1807.5,-3161.4
1825.5,-3168.6
1843.4,-3174.8
1861.3,-3182.0
1879.2,-3188.1
1897.7,-3195.4
1916.1,-3202.7
1934.8,-3209.8
1953.1,-3217.1
1971.0,-3224.4
1988.7,-3230.6
2006.2,-3237.9
2023.8,-3244.0
2041.5,-3251.3
2058.9,-3257.5
2076.2,-3264.9
2093.6,-3272.2
2110.8,-3279.6
2127.9,-3286.9
2145.2,-3294.3
2162.4,-3301.6
2179.8,-3308.9
2197.2,-3317.4
2214.4,-3325.9
2231.3,-3333.3
2248.3,-3341.8
2265.2,-3351.5
2282.0,-3360.0
2298.5,-3369.7
2314.9,-3379.4
2330.9,-3390.3
2346.5,-3400.1
2361.8,-3411.2
2377.0,-3423.2
2391.7,-3435.4
2406.0,-3448.8
2420.2,-3462.2
2433.3,-3473.4
2446.3,-3486.9
2459.5,-3499.2
2472.9,-3512.6
2486.0,-3526.1
2499.4,-3539.6
2512.8,-3554.2
2525.8,-3567.7
2538.5,-3581.3
2551.4,-3595.9
2564.1,-3610.6
2576.5,-3626.4
2588.5,-3641.1
2599.8,-3657.1
2610.7,-3674.3
2620.8,-3690.3
2630.6,-3707.7
2639.8,-3725.0
2648.8,-3742.3
2657.6,-3759.7
2666.3,-3777.1
2674.7,-3793.3
2683.2,-3810.7
2691.9,-3828.1
2700.5,-3845.4
2709.1,-3862.8
2717.5,-3879.1
2726.3,-3896.4
2735.0,-3913.8
2743.4,-3930.1
2751.8,-3947.5
2760.3,-3963.7
2768.7,-3981.1
2776.9,-3997.5
2785.0,-4014.8
2792.8,-4031.2
2801.0,-4048.6
2809.4,-4066.0
2817.4,-4082.2
2825.4,-4099.7
2833.7,-4118.3
2841.8,-4135.8
2849.9,-4153.2
2857.6,-4170.6
2865.7,-4189.3
2873.5,-4206.7
2881.3,-4225.3
2889.3,-4244.0
2897.3,-4262.6
2905.0,-4280.0
2912.7,-4297.5
2920.5,-4316.1
2928.4,-4334.7
2935.9,-4352.2
2943.5,-4369.7
2951.5,-4388.3
2959.3,-4405.8
2967.1,-4424.5
2974.6,-4441.9
2982.1,-4459.4
2989.7,-4476.9
2997.4,-4495.5
3005.1,-4514.1
3012.5,-4531.7
3019.3,-4549.3
3025.8,-4568.0
3031.2,-4585.7
3036.0,-4604.6
3040.3,-4622.4
3044.2,-4640.3
3048.0,-4659.3
3051.9,-4678.4
3055.7,-4696.3
3059.7,-4715.3
3063.7,-4734.3
3067.4,-4752.0
3071.7,-4771.0
3076.0,-4788.9
3080.7,-4809.0
3085.1,-4826.8
3089.8,-4845.7
3094.4,-4863.5
3099.1,-4882.4
3103.8,-4900.2
3108.6,-4918.0
3113.6,-4936.9
3118.7,-4955.8
3124.1,-4974.7
3129.4,-4993.6
3134.5,-5011.3
3139.2,-5026.8
3143.8,-5043.4
3148.1,-5057.7
3152.3,-5072.1
3156.3,-5086.4
3160.2,-5099.7
3164.0,-5113.0
3167.7,-5125.1
3171.8,-5137.2
3176.0,-5150.3
3180.3,-5162.4
3184.5,-5174.5
3188.9,-5187.6
3193.2,-5199.7
3197.6,-5211.7
3202.1,-5223.7
3206.5,-5235.7
3211.1,-5247.7
3215.5,-5259.8
3220.1,-5271.8
3225.1,-5282.7
3229.7,-5294.7
3234.5,-5306.6
3239.3,-5317.5
3244.6,-5329.5
3250.1,-5341.4
3255.4,-5353.3
3260.8,-5365.3
3266.3,-5377.2
3271.8,-5389.2
3277.2,-5401.0
3282.5,-5413.0
3287.7,-5424.9
3292.8,-5436.9
3297.9,-5448.9
3302.9,-5460.9
3308.4,-5472.8
3314.4,-5484.7
3321.1,-5496.5
3327.8,-5507.1
3334.7,-5518.9
3342.0,-5530.6
3349.9,-5540.1
3358.6,-5549.4
3368.2,-5557.4
3378.6,-5565.5
3388.9,-5572.4
3398.7,-5578.2
3407.9,-5583.9
3415.7,-5589.9
3422.1,-5595.0
3426.7,-5600.1
3428.9,-5605.6
3428.3,-5611.2
3425.5,-5618.3
3422.0,-5626.6
3418.5,-5634.9
3415.2,-5644.3
3412.3,-5654.8
3409.0,-5666.5
3405.7,-5679.4
3402.1,-5692.2
3398.6,-5705.1
3394.1,-5716.9
3389.9,-5729.9
3385.7,-5741.7
3381.5,-5753.4
3377.4,-5765.2
3373.4,-5777.0
3369.4,-5787.6
3365.2,-5798.2
3361.4,-5810.0
3357.3,-5820.7
3353.2,-5831.3
3349.1,-5841.9
3344.9,-5853.7
3340.5,-5864.4
3335.7,-5876.2
3330.5,-5888.1
3325.0,-5900.1
3319.3,-5912.0
3313.7,-5922.8
3308.2,-5934.7
3302.2,-5945.6
3296.2,-5956.4
3290.2,-5968.4
3284.0,-5979.3
3277.7,-5991.3
3271.4,-6003.3
3265.1,-6014.2
3258.9,-6026.2
3252.9,-6038.2
3246.8,-6049.0
3240.9,-6061.0
3235.0,-6071.8
3229.1,-6083.8
3223.1,-6095.8
3217.2,-6106.6
3211.3,-6118.6
3205.4,-6129.4
3199.6,-6141.4
3193.7,-6153.4
3187.7,-6164.3
3181.8,-6176.3
3175.7,-6188.3
3169.5,-6199.1
3163.4,-6211.1
3157.2,-6221.9
3151.3,-6233.9
3145.2,-6245.9
3138.8,-6256.7
3132.5,-6268.8
3126.3,-6280.8
3120.5,-6291.6
3116.0,-6303.5
3113.3,-6316.2
3112.4,-6328.8
3112.5,-6342.5
3113.2,-6357.2
3114.7,-6371.8
3116.5,-6386.4
3119.0,-6402.1
3121.4,-6417.8
3124.5,-6434.6
3127.9,-6452.5
3131.6,-6469.2
3135.6,-6487.1
3140.0,-6504.9
3144.1,-6522.7
3147.9,-6540.6
3151.3,-6560.8
3154.3,-6579.9
3157.3,-6600.2
3160.1,-6620.4
3163.0,-6639.6
3165.7,-6657.6
3168.6,-6677.9
3171.8,-6695.8
3175.5,-6716.0
3179.5,-6735.0
3184.0,-6753.9
3188.4,-6772.9
3192.2,-6791.9
3195.1,-6811.0
3197.2,-6830.2
3199.2,-6850.6
3201.1,-6869.9
3203.2,-6889.1
3205.4,-6908.2
3208.2,-6927.4
3211.7,-6945.3
3217.0,-6964.2
3223.8,-6981.8
3231.5,-6999.3
3239.4,-7017.9
3247.0,-7034.2
3254.3,-7051.7
3261.6,-7070.4
3268.7,-7087.9
3276.1,-7105.4
3283.6,-7124.0
3291.0,-7141.5
3298.4,-7159.1
3305.7,-7176.5
3313.1,-7194.1
3320.5,-7211.6
3328.0,-7229.1
3335.5,-7246.5
3343.2,-7265.1
3351.1,-7283.9
3358.7,-7301.3
3366.2,-7319.9
3373.7,-7337.4
3381.1,-7355.0
3388.2,-7372.5
3395.3,-7390.0
3402.4,-7407.6
3409.1,-7424.0
3415.4,-7440.5
3421.5,-7456.9
3427.2,-7473.4
3432.8,-7491.1
3437.8,-7508.8
3442.2,-7526.7
3446.2,-7544.5
3450.0,-7563.5
3453.6,-7582.6
3457.0,-7600.5
3460.8,-7618.3
3464.3,-7637.4
3467.6,-7656.6
3471.1,-7675.6
3474.5,-7694.7
3477.9,-7713.7
3481.5,-7731.5
3484.8,-7750.7
3487.9,-7769.8
3491.2,-7788.9
3494.5,-7806.7
3497.7,-7824.7
3501.3,-7843.7
3504.4,-7861.7
3507.5,-7879.7
3510.8,-7897.5
3514.0,-7915.5
3517.3,-7933.4
3519.9,-7951.3
3521.7,-7970.6
3522.7,-7988.8
3522.8,-8005.8
3522.0,-8023.1
3519.9,-8041.6
3516.1,-8057.9
3510.8,-8074.4
3504.7,-8091.0
3497.5,-8106.5
3489.7,-8121.0
3481.8,-8135.6
3473.7,-8148.9
3466.0,-8164.6
3458.5,-8180.2
3451.3,-8196.9
3444.7,-8213.5
3439.0,-8230.1
3434.3,-8246.6
3430.2,-8261.8
3426.8,-8279.2
3424.1,-8294.3
3422.0,-8311.6
3419.8,-8327.9
3417.9,-8345.2
3416.0,-8363.6
3414.3,-8380.9
3412.6,-8399.3
3411.1,-8416.6
3409.7,-8435.0
3408.4,-8453.4
3406.8,-8471.9
3405.7,-8490.3
3404.8,-8507.4
3404.3,-8525.8
3404.5,-8542.8
3405.2,-8562.1
3405.6,-8580.4
3406.5,-8599.7
3407.2,-8617.9
3407.8,-8637.3
3408.4,-8656.6
3409.0,-8676.0
3409.7,-8695.4
3410.3,-8714.7
3410.9,-8734.1
3411.5,-8752.3
3411.9,-8771.7
3412.2,-8791.0
3412.5,-8810.4
3412.3,-8828.7
3412.5,-8848.1
3413.1,-8866.3
3415.0,-8884.3
3418.9,-8903.4
3423.7,-8921.1
3429.1,-8938.9
3434.8,-8956.6
3440.4,-8974.2
3446.4,-8993.0
3452.6,-9010.6
3461.0,-9028.1
3471.0,-9045.4
3481.5,-9061.4
3492.2,-9078.6
3502.5,-9095.8
3512.8,-9111.8
3523.0,-9129.1
3532.9,-9144.0
3542.9,-9160.0
3552.8,-9176.2
3562.8,-9192.3
3572.6,-9208.3
3582.2,-9223.3
3592.0,-9239.5
3601.6,-9254.5
3610.9,-9269.5
3620.4,-9284.4
3629.4,-9298.4
3638.6,-9313.4
3647.7,-9327.2
3656.7,-9342.2
3665.9,-9357.2
3675.1,-9372.3
3684.5,-9388.5
3693.8,-9403.5
3703.3,-9418.5
3712.8,-9434.6
3722.1,-9449.6
3731.2,-9464.6
3740.0,-9479.6
3748.8,-9494.7
3757.7,-9510.9
3766.4,-9525.9
3774.9,-9541.0
3783.7,-9557.3
3792.3,-9573.5
3800.8,-9589.7
3809.2,-9607.1
3817.5,-9624.6
3825.7,-9642.0
3834.0,-9660.6
3841.8,-9678.0
3849.8,-9695.4
3857.9,-9712.9
3865.9,-9730.4
3873.7,-9747.8
3882.1,-9766.3
3890.8,-9783.7
3899.5,-9799.9
3908.8,-9817.3
3918.4,-9834.6
3928.4,-9851.8
3938.6,-9867.9
3949.1,-9885.1
3959.6,-9902.3
3970.4,-9919.5
3981.3,-9936.6
3992.5,-9953.7
4004.1,-9972.0
4015.4,-9989.1
4026.8,-10006.2
4037.6,-10022.3
4048.4,-10038.3
4059.3,-10054.3
4070.0,-10070.3
4081.2,-10087.4
4092.0,-10103.4
4102.8,-10119.5
4113.8,-10135.4
4124.9,-10151.5
4136.5,-10167.4
4147.8,-10183.3
4158.8,-10199.3
4169.7,-10215.3
4180.3,-10231.4
4191.0,-10247.4
4201.8,-10263.4
4212.3,-10279.4
4222.6,-10296.7
4232.5,-10312.7
4242.3,-10328.9
4252.6,-10344.9
4262.8,-10361.0
4272.5,-10375.9
4281.4,-10389.8
4289.1,-10401.5
4294.6,-10413.5
4295.2,-10423.6
4293.5,-10435.1
4287.3,-10446.0
4278.8,-10458.3
4269.6,-10470.6
4260.6,-10484.1
4251.7,-10495.3
4244.5,-10507.4
4239.5,-10519.2
4238.4,-10531.8
4239.7,-10544.2
4242.1,-10559.9
4244.2,-10574.5
4246.7,-10591.3
4249.6,-10608.1
4252.7,-10624.9
4256.9,-10639.2
4261.9,-10655.8
4267.9,-10672.4
4274.7,-10689.9
4281.7,-10706.3
4289.0,-10725.0
4296.2,-10741.3
4304.0,-10758.8
4312.1,-10775.0
4320.6,-10792.5
4329.6,-10809.8
4339.5,-10827.0
4349.3,-10843.2
4358.9,-10860.5
4367.8,-10877.8
4375.5,-10894.2
4383.2,-10911.6
4390.3,-10929.1
4397.7,-10947.8
4405.1,-10966.5
4411.8,-10984.0
4418.3,-11001.7
4424.9,-11018.1
4431.0,-11034.5
4435.7,-11051.2
4439.4,-11066.7
4440.1,-11082.6
4436.4,-11099.0
4430.1,-11115.6
4422.1,-11132.3
4414.0,-11149.2
4406.0,-11167.2
4398.0,-11185.2
4389.9,-11203.2
4382.1,-11219.9
4374.2,-11237.9
4366.0,-11254.8
4357.3,-11270.5
4348.5,-11286.2
4339.2,-11302.0
4329.7,-11317.9
4320.4,-11333.7
4311.0,-11348.4
4301.6,-11363.0
4293.0,-11378.8
4284.6,-11394.4
4276.0,-11410.1
4267.6,-11427.1
4259.0,-11442.8
4250.9,-11459.6
4243.2,-11476.4
4235.8,-11492.0
4229.1,-11508.6
4223.8,-11526.3
4220.3,-11543.7
4218.7,-11562.2
4218.4,-11582.8
4218.2,-11602.3
4216.8,-11621.8
4214.5,-11641.6
4211.2,-11660.2
4207.8,-11678.8
4204.2,-11698.6
4200.7,-11718.3
4197.3,-11737.0
4193.9,-11755.6
4190.6,-11774.2
4187.3,-11794.0
4184.0,-11812.6
4180.4,-11831.2
4177.1,-11851.1
4174.0,-11868.5
4170.6,-11887.1
4167.1,-11905.7
4164.0,-11924.3
4160.9,-11943.0
4157.4,-11960.4
4154.2,-11979.0
4150.7,-11996.5
4147.5,-12015.1
4144.2,-12033.8
4141.0,-12052.4
4137.5,-12071.0
4133.6,-12089.7
4129.3,-12108.4
4124.5,-12127.2
4118.8,-12146.1
4112.2,-12163.8
4105.1,-12181.7
4097.5,-12199.6
4090.2,-12216.4
4084.0,-12234.1
4078.8,-12251.8
4074.8,-12270.5
4070.6,-12289.2
4066.6,-12307.9
4062.4,-12326.6
4058.0,-12345.4
4053.9,-12365.2
4049.4,-12382.8
4044.9,-12401.6
4040.6,-12418.0
4036.5,-12434.3
4032.5,-12449.6
4029.3,-12463.5
4027.6,-12478.5
4027.9,-12492.1
4030.4,-12506.7
4034.2,-12522.2
4038.3,-12536.6
4042.4,-12552.1
4045.2,-12566.6
4046.4,-12582.5
4045.9,-12598.5
4044.1,-12614.6
4041.6,-12630.8
4039.2,-12647.0
4037.9,-12664.2
4037.3,-12680.2
4037.1,-12697.4
4036.6,-12713.4
4036.2,-12730.5
4035.7,-12746.5
4035.3,-12763.6
4034.7,-12779.7
4034.4,-12796.8
4034.0,-12811.6
4033.8,-12826.5
4033.5,-12840.1
4033.4,-12852.6
4032.7,-12862.9
4030.3,-12871.0
4025.4,-12877.2
4017.9,-12882.6
4008.9,-12888.0
3998.8,-12892.4
3988.2,-12898.1
3976.9,-12903.8
3965.0,-12909.6
3952.5,-12916.6
3939.6,-12923.6
3926.5,-12931.8
3913.2,-12940.0
3898.7,-12948.4
3883.2,-12955.6
3866.7,-12963.1
3849.4,-12969.4
3832.5,-12977.0
3815.4,-12984.4
3798.1,-12991.9
3780.5,-12999.4
3762.9,-13007.0
3745.6,-13014.4
3728.9,-13023.0
3712.5,-13031.6
3696.2,-13039.1
3680.7,-13047.5
3665.7,-13057.0
3651.5,-13067.6
3637.4,-13078.2
3623.5,-13091.1
3609.9,-13102.8
3596.2,-13116.8
3582.5,-13129.6
3569.2,-13142.4
3557.1,-13156.2
3545.6,-13170.0
3533.9,-13183.7
3521.1,-13196.5
3506.9,-13207.0
3491.7,-13217.7
3476.1,-13228.6
3460.5,-13239.3
3445.0,-13251.1
3429.8,-13263.0
3414.9,-13273.7
3400.3,-13286.7
3385.6,-13297.3
3371.1,-13310.2
3356.3,-13320.9
3341.9,-13332.7
3327.5,-13344.4
3313.2,-13356.1
3298.9,-13366.8
3284.8,-13378.5
3270.3,-13389.1
3255.7,-13399.8
3240.9,-13411.6
3225.5,-13421.2
3209.8,-13432.0
3193.8,-13441.6
3177.3,-13451.3
3160.6,-13459.9
3143.8,-13469.7
3127.1,-13478.2
3110.2,-13488.0
3093.4,-13496.6
3076.0,-13505.3
3058.4,-13512.7
3040.8,-13520.3
3023.4,-13527.8
3006.0,-13536.4
2989.1,-13546.2
2972.6,-13555.9
2956.3,-13565.7
2940.5,-13576.4
2925.2,-13587.1
2910.8,-13598.8
2897.1,-13610.6
2884.2,-13623.3
2872.6,-13634.8
2862.2,-13644.9
2853.9,-13656.0
2848.0,-13665.8
2845.0,-13677.4
2844.9,-13688.8
2846.9,-13702.2
2849.7,-13715.5
2852.6,-13728.9
2855.6,-13743.3
2858.4,-13757.9
2861.7,-13772.3
2865.2,-13787.9
2868.8,-13803.5
2872.1,-13817.9
2875.1,-13832.4
2877.5,-13844.6
2878.7,-13855.9
2877.9,-13866.1
2875.4,-13876.6
2870.2,-13885.1
2863.1,-13892.6
2853.7,-13898.1
2842.6,-13902.7
2828.6,-13905.2
2815.4,-13907.8
2801.8,-13909.2
2788.5,-13910.5
2774.4,-13912.0
2760.1,-13913.5
2745.5,-13916.1
2730.6,-13918.8
2715.7,-13921.5
2701.2,-13924.2
2687.0,-13929.1
2672.0,-13932.8
2657.0,-13935.6
2642.6,-13939.3
2627.5,-13943.1
2614.0,-13948.0
2601.5,-13953.8
2589.8,-13958.5
2579.0,-13964.1
2569.1,-13969.6
2562.0,-13978.4
2555.4,-13990.4
2548.4,-14001.3
2541.0,-14014.6
2533.6,-14026.8
2525.9,-14038.9
2518.4,-14051.1
2511.1,-14063.2
2504.0,-14074.2
2497.8,-14086.2
2492.8,-14096.9
2489.0,-14108.6
2485.3,-14119.3
2480.7,-14131.0
2473.7,-14140.9
2464.0,-14148.7
2452.6,-14154.4
2440.1,-14158.0
2427.2,-14157.0
2414.7,-14156.0
2401.9,-14154.0
2389.1,-14151.9
2375.8,-14151.0
2362.1,-14152.4
2347.9,-14155.0
2333.4,-14158.8
2318.3,-14163.8
2302.8,-14170.0
2286.7,-14176.1
2270.2,-14183.6
2253.7,-14189.9
2237.3,-14197.2
2220.3,-14203.6
2202.5,-14208.8
2184.6,-14215.3
2166.2,-14220.6
2148.2,-14227.1
2130.3,-14232.3
2112.7,-14237.6
2094.8,-14242.8
2077.0,-14249.2
2059.3,-14254.4
2041.8,-14260.9
2024.4,-14268.4
2007.3,-14277.0
1990.9,-14286.7
1974.4,-14295.2
1958.4,-14304.9
1942.5,-14313.4
1926.6,-14323.0
1910.8,-14331.4
1895.3,-14341.0
1880.0,-14349.5
1864.8,-14359.1
1849.9,-14368.6
1834.7,-14377.0
1819.4,-14385.4
1803.9,-14391.5
1788.4,-14398.9
1773.0,-14405.0
1758.0,-14413.5
1743.2,-14420.6
1728.8,-14429.0
1713.8,-14436.2
1698.4,-14442.4
1682.8,-14448.5
1667.1,-14453.6
1651.9,-14457.5
1637.9,-14461.2
1623.8,-14461.5
1611.3,-14465.0
1599.2,-14467.5
1588.2,-14472.0
1577.9,-14478.7
1568.9,-14486.5
1560.7,-14496.4
1553.0,-14506.3
1545.4,-14516.1
1537.6,-14526.1
1529.6,-14535.9
1520.2,-14544.9
1510.4,-14553.8
1500.3,-14564.0
1489.9,-14574.2
1479.7,-14584.3
1469.4,-14593.3
1459.3,-14603.5
1449.0,-14613.6
1439.1,-14623.7
1429.2,-14635.0
1419.4,-14646.3
1409.0,-14656.5
1398.5,-14667.8
1388.3,-14678.0
1378.4,-14688.0
1368.6,-14699.3
1358.5,-14709.4
1348.3,-14719.6
1337.6,-14729.9
1327.1,-14740.0
1316.9,-14750.1
1306.9,-14760.3
1297.0,-14770.4
1287.9,-14781.6
1279.9,-14792.6
1272.2,-14806.0
1265.0,-14819.2
1258.1,-14833.6
1251.3,-14847.9
1244.3,-14861.2
1237.4,-14874.4
1230.3,-14886.5
1223.8,-14899.8
1217.3,-14910.6
1210.3,-14921.6
1203.1,-14933.7
1197.0,-14945.7
1192.4,-14958.6
1189.0,-14970.4
1187.4,-14983.0
1187.2,-14997.8
1188.2,-15011.4
1190.4,-15024.8
1193.8,-15039.2
1197.2,-15051.3
1200.8,-15064.7
1204.5,-15077.9
1207.9,-15090.0
1211.6,-15103.3
1214.7,-15114.2
1218.0,-15125.3
1220.7,-15136.4
1222.7,-15147.5
1222.7,-15157.7
1221.2,-15169.2
1219.7,-15180.7
1219.0,-15193.3
1219.5,-15205.7
1220.8,-15219.2
1223.0,-15232.6
1226.9,-15244.7
1232.8,-15255.5
1240.1,-15266.0
1247.6,-15276.6
1255.6,-15286.1
1264.3,-15296.5
1273.3,-15305.8
1282.3,-15315.1
1291.7,-15325.5
1300.9,-15334.7
1310.3,-15345.1
1319.3,-15354.5
1328.9,-15364.8
1338.3,-15374.1
1347.4,-15383.3
1355.7,-15391.6
1364.1,-15400.9
1371.8,-15409.2
1382.4,-15417.2
1390.1,-15427.7
1396.2,-15438.5
1402.0,-15448.1
1407.3,-15456.6
1411.5,-15465.3
1414.1,-15472.9
1415.2,-15478.4
1415.6,-15481.8
1415.0,-15484.0
1414.4,-15485.2
1414.0,-15486.4
1413.7,-15487.5
1412.7,-15488.7
1412.1,-15489.9
1411.6,-15491.2
1411.1,-15492.4
1411.3,-15494.6
1413.0,-15497.8
1416.2,-15500.8
1420.5,-15503.7
1426.1,-15507.7
1432.2,-15511.5
1438.7,-15515.4
1445.4,-15520.4
1452.3,-15525.3
1458.8,-15530.3
1464.7,-15535.4
1469.6,-15538.2
1473.7,-15541.1
1476.9,-15544.3
1478.9,-15547.4
1479.1,-15550.7
1476.9,-15554.3
1472.9,-15558.2
1467.6,-15562.1
1461.7,-15566.1
1454.7,-15570.2
1447.1,-15574.3
1439.7,-15579.7
1432.7,-15583.8
1426.3,-15587.8
1420.5,-15590.7
1415.4,-15594.6
1411.1,-15596.2
1407.0,-15596.6
1403.6,-15595.9
1400.8,-15595.0
1398.3,-15591.8
1396.1,-15588.7
1393.6,-15585.6
1391.3,-15582.5
1389.2,-15579.4
1387.5,-15577.2
1386.3,-15574.0
1386.0,-15572.9
1386.6,-15570.6
1387.6,-15569.3
1388.6,-15569.2
1389.3,-15568.1
1389.8,-15568.0
1390.4,-15568.0
1390.7,-15567.9
1390.8,-15566.8
1390.8,-15566.8
1390.9,-15566.8
1390.8,-15565.7
1390.8,-15565.7
1390.8,-15565.7
1390.9,-15565.7
1390.9,-15565.7
1390.9,-15565.7
1390.9,-15565.7
1390.9,-15565.7
1390.9,-15565.7
1390.9,-15565.7
1390.9,-15565.7
1390.8,-15564.6
1390.8,-15564.6
1390.8,-15564.6
1390.9,-15564.5
1390.8,-15564.6
1390.9,-15564.5
1390.9,-15564.5
1390.9,-15564.5
1390.9,-15564.5
1390.9,-15564.5
1391.0,-15564.5
1391.0,-15564.5
1391.0,-15564.5
1391.0,-15564.5
1391.0,-15564.5
1391.0,-15564.5
1391.0,-15564.5
1391.0,-15564.5
1391.1,-15564.5
1391.1,-15564.5
1391.1,-15564.5
1391.1,-15564.5
1391.1,-15564.5
1391.1,-15564.5
1391.1,-15564.5
1391.1,-15564.5
1391.1,-15564.5
1391.1,-15564.5
1391.1,-15564.5
1391.1,-15564.5
1391.1,-15564.5
1391.1,-15564.5
1391.1,-15564.5
1391.1,-15564.5
1391.1,-15564.5
1391.1,-15564.5
1391.1,-15564.5
1391.2,-15564.5
1391.2,-15564.5
1391.2,-15564.5
1391.2,-15564.5
