x,y
0.0,0.0
-5.0,0.2
-9.9,-1.2
-14.6,-4.3
-19.5,-8.7
-24.9,-13.9
-30.7,-19.4
-36.7,-24.3
-42.5,-28.7
-47.6,-32.5
-51.9,-36.5
-55.6,-40.5
-59.8,-44.0
-63.9,-45.4
-67.3,-43.8
-68.5,-40.1
-67.1,-35.0
-63.4,-28.8
-58.1,-21.4
-52.0,-12.7
-45.3,-3.0
-37.7,7.7
-30.5,18.1
-22.9,28.4
-15.4,39.0
-7.7,49.6
-0.6,60.5
6.9,71.2
14.4,82.2
21.9,93.0
28.4,103.2
35.8,113.8
42.7,124.2
49.2,134.4
56.0,144.1
61.9,153.0
67.5,160.8
71.8,166.7
75.2,171.0
78.0,172.9
80.2,173.3
83.8,172.7
88.4,169.7
93.8,164.8
100.3,158.8
107.5,150.0
116.5,141.7
125.9,132.1
136.5,122.2
147.3,111.9
158.7,101.1
170.5,89.6
183.0,77.6
196.3,65.2
210.0,52.2
223.9,39.0
237.7,25.6
251.8,11.8
266.7,-2.2
281.6,-16.7
296.7,-31.1
312.3,-45.7
328.0,-60.5
343.2,-75.6
358.8,-90.0
373.6,-104.2
388.4,-118.2
403.1,-132.2
417.5,-145.8
431.4,-159.3
445.6,-172.5
459.2,-185.9
473.0,-198.7
486.1,-211.2
497.8,-222.4
506.7,-230.5
514.3,-238.2
522.2,-245.7
530.0,-253.5
538.3,-261.5
546.6,-269.8
555.7,-278.0
564.6,-286.6
574.1,-295.3
583.5,-304.3
592.8,-313.5
604.1,-323.5
614.9,-333.8
624.7,-345.0
635.1,-357.0
643.3,-370.3
651.2,-384.7
658.3,-400.3
665.1,-416.8
672.5,-433.3
679.5,-450.4
687.1,-467.4
694.5,-484.7
701.8,-502.0
709.0,-519.3
716.7,-536.4
724.0,-553.8
732.1,-571.0
740.6,-587.7
748.9,-603.9
757.2,-619.5
765.6,-634.6
772.7,-650.1
780.6,-665.4
788.0,-681.0
795.9,-696.6
803.6,-712.5
811.4,-728.5
819.3,-744.3
826.9,-760.5
834.7,-776.7
842.4,-793.0
850.1,-809.4
858.4,-825.2
866.0,-841.3
873.8,-857.7
882.2,-874.3
890.5,-891.4
899.1,-908.9
907.5,-926.4
915.8,-944.0
924.1,-960.8
932.1,-977.4
940.0,-993.4
947.4,-1009.4
955.4,-1025.1
963.0,-1041.0
970.8,-1056.8
978.3,-1072.1
985.7,-1087.3
992.7,-1102.1
1000.1,-1116.8
1007.8,-1131.0
1014.1,-1145.2
1020.3,-1158.4
1026.1,-1170.4
1031.0,-1181.1
1035.1,-1190.4
1039.0,-1197.8
1043.7,-1201.3
1049.3,-1201.1
1054.4,-1197.9
1060.0,-1192.7
1067.3,-1184.1
1075.1,-1173.8
1084.6,-1162.0
1094.7,-1149.7
1106.2,-1136.2
1117.8,-1122.2
1130.1,-1108.0
1143.0,-1093.2
1156.4,-1077.5
1170.4,-1060.9
1184.7,-1044.1
1198.9,-1027.5
1213.1,-1010.8
1227.4,-994.0
1241.8,-976.9
1256.0,-960.4
1270.8,-943.8
1284.9,-927.3
1298.9,-911.2
1312.9,-894.6
1327.3,-877.7
1341.6,-860.8
1356.2,-843.9
1369.7,-827.9
1382.9,-811.8
1396.6,-795.0
1409.4,-778.4
1422.4,-761.7
1435.3,-745.0
1448.6,-728.0
1461.3,-711.1
1474.3,-693.8
1487.4,-676.4
1500.3,-659.1
1513.2,-641.6
1526.0,-624.5
1539.1,-607.0
1551.8,-590.1
1564.5,-573.3
1577.3,-556.3
1590.1,-539.2
1602.6,-522.4
1615.5,-505.5
1627.9,-488.8
1639.9,-472.4
1651.9,-456.1
1663.4,-440.7
1674.3,-425.7
1685.2,-410.9
1695.6,-397.0
1706.7,-383.7
1718.3,-371.5
1729.9,-360.6
1742.9,-351.2
1757.6,-343.5
1773.0,-336.2
1788.8,-328.9
1805.3,-321.3
1822.5,-313.5
1840.0,-305.4
1857.5,-297.3
1875.4,-289.1
1892.6,-280.9
1909.2,-272.3
1925.8,-263.3
1941.9,-254.1
1956.7,-244.9
1970.4,-236.0
1983.6,-226.7
1996.3,-216.9
2008.6,-206.3
2020.2,-194.1
2030.7,-180.5
2041.3,-166.2
2052.0,-152.0
2062.2,-138.0
2072.7,-124.0
2083.5,-109.8
2093.5,-96.1
2102.0,-82.6
2109.3,-68.4
2114.7,-52.7
2118.3,-35.9
2121.8,-18.5
2125.2,-1.1
2128.6,16.4
2132.3,34.1
2135.4,51.3
2138.6,69.0
2141.1,85.7
2138.8,104.6
2134.3,120.8
2128.4,138.3
2121.7,156.8
2114.4,175.7
2107.1,194.8
2100.5,214.4
2093.6,234.0
2085.8,253.6
2078.9,273.4
2071.8,293.0
2064.4,312.6
2057.5,332.6
2050.2,352.7
2043.0,372.5
2035.0,392.3
2026.4,412.9
2018.2,433.3
2010.7,453.2
2003.5,472.7
1996.7,490.8
1990.9,507.4
1985.4,522.5
1980.5,536.1
1976.3,548.5
1972.0,560.8
1967.4,573.8
1961.9,587.6
1956.3,602.2
1951.0,617.4
1945.4,631.9
1939.7,645.8
1934.7,659.2
1931.2,672.2
1930.1,686.1
1931.3,700.6
1933.9,715.7
1938.1,731.7
1943.6,748.3
1949.9,764.7
1957.0,780.9
1964.3,797.2
1971.9,813.6
1978.6,829.1
1985.0,844.2
1991.5,858.4
1997.2,871.9
2002.4,884.5
2007.4,895.6
2010.9,904.5
2013.5,908.3
2014.3,911.7
2015.2,913.4
2019.0,914.7
2025.1,914.7
2032.4,913.3
2040.5,910.6
2050.6,907.2
2062.3,903.4
2075.1,899.0
2089.1,894.5
2103.8,889.4
2119.9,883.8
2138.3,878.3
2156.7,872.4
2176.0,866.1
2196.8,859.7
2217.8,852.6
2239.2,845.7
2260.7,838.7
2281.7,831.6
2303.6,824.6
2325.9,817.6
2348.6,810.6
2371.7,803.6
2394.6,796.0
2417.9,788.6
2440.8,781.2
2463.7,774.0
2486.2,766.9
2508.6,760.0
2530.1,753.1
2551.8,746.0
2574.3,739.0
2595.9,731.7
2617.6,724.7
2639.3,717.8
2660.5,710.9
2681.5,704.3
2702.6,697.6
2724.2,691.2
2745.2,684.2
2766.9,677.3
2788.4,670.5
2810.0,663.9
2831.2,656.8
2852.6,649.9
2874.3,643.0
2895.5,635.7
2917.2,628.7
2939.9,622.0
2961.9,614.6
2983.9,607.4
3006.5,600.6
3028.9,593.6
3050.7,586.4
3072.6,579.5
3094.5,572.5
3116.1,565.4
3137.7,558.6
3159.3,551.7
3181.1,544.8
3203.1,538.2
3224.7,531.2
3246.5,524.1
3268.7,517.1
3290.9,510.1
3313.2,502.8
3336.2,495.5
3359.5,488.2
3382.2,480.7
3405.0,473.0
3428.5,465.3
3451.9,457.8
3475.5,450.2
3498.9,442.7
3522.1,435.6
3545.4,428.4
3568.4,420.9
3591.0,413.6
3613.8,406.5
3636.7,399.5
3659.8,392.7
3681.7,385.5
3704.5,378.7
3726.6,371.7
3748.8,364.7
3771.5,357.8
3793.4,350.9
3815.6,344.2
3836.8,337.5
3857.9,330.6
3879.1,323.8
3899.5,316.4
3919.8,307.3
3940.2,296.8
3960.6,285.2
3981.7,273.3
4002.4,261.1
4023.6,249.1
4044.7,236.9
4066.3,224.9
4087.9,212.8
4109.4,200.4
4130.5,188.0
4151.6,175.8
4172.8,163.8
4194.0,151.6
4215.8,139.3
4237.3,126.6
4259.2,114.3
4280.8,101.8
4302.5,89.3
4324.3,77.1
4345.8,65.2
4367.0,53.1
4388.1,41.4
4408.9,29.8
4429.3,18.2
4449.8,6.8
4470.0,-4.7
4490.1,-16.2
4510.3,-27.7
4531.3,-39.1
4552.1,-51.2
4573.1,-63.3
4595.4,-75.4
4616.9,-87.7
4638.8,-99.8
4660.5,-111.8
4682.6,-123.7
4704.3,-135.7
4725.9,-147.7
4747.0,-159.7
4768.5,-171.6
4789.6,-183.6
4811.0,-195.2
4832.5,-206.9
4853.4,-218.7
4874.5,-230.4
4895.9,-242.0
4916.9,-253.7
4938.2,-265.7
4959.9,-277.8
4981.7,-290.1
5004.0,-302.3
5026.4,-314.6
5048.4,-326.8
5070.6,-339.1
5092.5,-351.8
5115.2,-363.9
5137.9,-376.2
5160.6,-388.6
5184.0,-401.1
5207.2,-413.6
5230.0,-426.3
5252.8,-438.8
5275.3,-451.1
5298.1,-462.9
5320.5,-474.8
5342.7,-486.8
5364.8,-499.0
5386.9,-511.4
5409.2,-523.8
5431.1,-536.2
5453.2,-548.3
5475.4,-559.8
5496.8,-571.2
5518.0,-582.3
5539.2,-593.4
5561.0,-604.8
5581.8,-616.0
5602.5,-627.3
5623.1,-638.4
5643.2,-649.0
5662.0,-659.0
5679.5,-668.6
5696.5,-677.7
5712.0,-686.6
5726.1,-694.9
5738.9,-702.4
5749.8,-708.9
5758.4,-714.3
5759.9,-717.8
5760.5,-726.5
5758.6,-735.8
5756.7,-747.4
5754.7,-761.0
5753.0,-775.0
5751.0,-790.0
5749.7,-805.8
5744.9,-822.5
5742.0,-840.3
5740.5,-858.0
5738.6,-876.2
5737.0,-894.8
5735.1,-914.0
5733.4,-934.0
5731.6,-954.8
5729.8,-976.0
5727.6,-997.9
5725.3,-1020.6
5723.2,-1043.3
5720.1,-1066.3
5717.5,-1089.3
5715.0,-1112.8
5712.8,-1135.9
5710.2,-1159.1
5708.0,-1181.8
5705.8,-1204.0
5703.5,-1225.8
5701.4,-1247.0
5699.7,-1268.2
5697.5,-1289.0
5696.3,-1309.7
5696.4,-1330.2
5698.7,-1351.0
5701.8,-1371.8
5704.8,-1392.3
5709.3,-1411.9
5715.2,-1429.3
5723.5,-1443.5
5730.0,-1453.7
5735.6,-1459.5
5740.2,-1465.9
5744.7,-1472.8
5749.3,-1480.0
5753.7,-1487.7
5758.7,-1495.9
5764.0,-1505.5
5770.2,-1516.1
5776.2,-1527.3
5782.1,-1539.4
5788.0,-1552.7
5794.2,-1566.5
5800.7,-1581.1
5808.2,-1596.7
5816.3,-1612.5
5823.8,-1629.1
5831.5,-1646.1
5839.1,-1662.9
5846.3,-1679.0
5853.2,-1694.3
5859.8,-1708.9
5866.0,-1722.8
5870.8,-1736.3
5874.3,-1750.2
5875.4,-1764.4
5875.3,-1779.4
5874.3,-1794.6
5873.6,-1810.1
5872.6,-1826.8
5871.5,-1844.5
5870.6,-1862.6
5868.5,-1880.8
5867.0,-1899.5
5865.6,-1918.7
5863.9,-1938.9
5862.7,-1959.5
5861.4,-1980.8
5860.4,-2002.9
5859.0,-2025.4
5857.8,-2048.2
5857.0,-2070.8
5855.7,-2093.5
5854.2,-2116.6
5852.8,-2140.0
5851.3,-2163.4
5849.8,-2187.0
5848.6,-2210.4
5847.5,-2233.6
5845.9,-2256.3
5844.3,-2278.3
5842.4,-2299.7
5840.6,-2321.0
5838.4,-2342.5
5836.3,-2364.4
5834.5,-2386.5
5832.3,-2409.4
5829.7,-2432.7
5827.9,-2456.2
5825.5,-2479.7
5823.9,-2502.0
5821.9,-2524.7
5820.1,-2547.1
5818.0,-2569.3
5816.2,-2591.5
5814.8,-2613.9
5813.7,-2635.9
5812.6,-2657.9
5811.2,-2679.3
5810.5,-2699.7
5809.4,-2719.7
5807.8,-2739.0
5806.0,-2756.9
5802.6,-2773.1
5794.5,-2785.8
5784.4,-2795.8
5772.1,-2804.2
5760.1,-2811.4
5747.8,-2817.8
5735.1,-2824.3
5721.5,-2831.3
5708.9,-2838.5
5695.5,-2846.8
5682.9,-2856.0
5670.3,-2866.5
5657.4,-2877.9
5644.4,-2889.2
5631.7,-2899.7
5618.7,-2911.0
5606.3,-2922.7
5593.5,-2935.2
5580.7,-2948.1
5567.7,-2961.4
5554.2,-2974.8
5540.7,-2987.9
5527.8,-3000.7
5514.5,-3014.3
5502.1,-3027.9
5488.9,-3041.7
5475.9,-3055.3
5463.5,-3068.5
5451.2,-3081.6
5439.7,-3094.0
5428.3,-3106.3
5417.1,-3118.8
5406.2,-3132.0
5397.0,-3145.9
5388.7,-3160.9
5380.5,-3177.2
5373.5,-3193.8
5365.9,-3211.2
5358.2,-3228.3
5350.7,-3245.6
5343.7,-3262.8
5336.8,-3280.2
5331.2,-3297.4
5325.4,-3314.9
5320.1,-3332.8
5315.1,-3350.2
5310.0,-3366.6
5304.4,-3381.7
5296.8,-3395.3
5286.7,-3407.4
5274.1,-3417.5
5259.8,-3426.3
5244.7,-3434.3
5230.0,-3441.8
5216.2,-3448.9
5203.3,-3457.0
5191.1,-3467.1
5180.7,-3479.9
5172.3,-3494.3
5163.8,-3509.6
5154.7,-3525.3
5144.6,-3540.8
5133.5,-3556.2
5122.1,-3572.2
5111.6,-3587.9
5101.5,-3604.6
5092.3,-3622.2
5084.0,-3640.8
5077.2,-3660.6
5072.2,-3681.4
5067.9,-3703.0
5063.8,-3725.4
5060.0,-3747.6
5056.1,-3769.8
5052.3,-3792.0
5048.4,-3814.0
5044.9,-3835.3
5040.7,-3856.6
5036.9,-3877.5
5033.1,-3898.1
5030.5,-3918.5
5029.2,-3938.7
5028.9,-3959.3
5029.8,-3980.4
5031.8,-4001.8
5034.4,-4023.3
5037.6,-4044.4
5040.9,-4065.3
5044.2,-4086.7
5047.8,-4108.5
5051.3,-4130.4
5055.0,-4152.5
5058.4,-4174.4
5062.0,-4195.9
5065.0,-4217.6
5068.3,-4239.0
5072.1,-4260.1
5076.3,-4280.6
5082.9,-4300.0
5091.7,-4318.5
5101.6,-4336.9
5112.1,-4355.8
5124.2,-4375.1
5135.3,-4395.2
5146.4,-4414.9
5157.4,-4434.2
5168.6,-4453.8
5180.0,-4474.0
5191.2,-4494.7
5202.5,-4515.6
5214.2,-4536.4
5226.0,-4557.3
5237.8,-4578.3
5249.4,-4599.3
5260.9,-4620.0
5272.7,-4639.9
5284.5,-4660.7
5296.3,-4681.3
5307.5,-4702.5
5319.1,-4723.3
5330.6,-4743.9
5341.9,-4764.3
5353.2,-4784.3
5364.5,-4804.1
5375.3,-4823.8
5386.4,-4843.0
5396.8,-4862.4
5407.6,-4881.9
5417.7,-4901.8
5428.7,-4921.6
5439.2,-4941.2
5449.7,-4960.8
5458.7,-4980.9
5466.1,-5001.6
5473.2,-5022.6
5480.5,-5044.3
5488.4,-5066.1
5496.6,-5088.5
5504.7,-5110.9
5513.3,-5133.2
5521.8,-5155.5
5530.3,-5177.3
5538.7,-5198.7
5546.3,-5219.5
5552.0,-5239.4
5555.4,-5259.6
5555.5,-5280.5
5554.2,-5301.7
5551.8,-5323.8
5548.8,-5346.2
5545.7,-5368.6
5543.0,-5390.0
5539.7,-5410.1
5537.6,-5428.9
5537.5,-5446.1
5540.9,-5462.6
5546.6,-5478.5
5556.3,-5493.5
5566.2,-5509.8
5577.6,-5526.9
5587.9,-5545.0
5598.9,-5563.0
5609.4,-5580.9
5618.8,-5599.3
5628.3,-5617.5
5636.8,-5636.6
5644.8,-5655.7
5650.3,-5675.0
5653.6,-5694.2
5653.3,-5713.7
5650.9,-5732.7
5648.6,-5751.3
5647.6,-5769.9
5649.1,-5787.9
5653.2,-5805.8
5658.2,-5824.0
5664.3,-5842.9
5671.5,-5862.1
5679.1,-5882.1
5687.2,-5902.4
5695.7,-5922.9
5704.2,-5943.5
5713.1,-5964.0
5721.7,-5984.3
5730.4,-6003.7
5737.7,-6023.2
5744.6,-6042.7
5751.0,-6062.5
5757.3,-6082.7
5764.1,-6102.7
5770.9,-6122.5
5778.3,-6141.9
5785.5,-6161.4
5792.8,-6180.4
5799.8,-6199.5
5807.1,-6218.7
5814.5,-6238.4
5821.8,-6258.1
5829.8,-6277.8
5837.9,-6297.4
5846.3,-6316.6
5854.0,-6335.9
5861.7,-6355.1
5869.0,-6375.0
5875.8,-6395.5
5882.2,-6416.6
5889.3,-6437.6
5896.6,-6458.4
5904.1,-6479.3
5911.4,-6499.8
5918.8,-6520.1
5925.9,-6540.4
5933.5,-6560.0
5940.5,-6580.1
5947.3,-6599.0
5953.4,-6618.1
5959.5,-6637.2
5965.3,-6656.5
5972.0,-6676.1
5978.1,-6696.6
5985.4,-6717.0
5992.3,-6737.8
5999.1,-6758.7
6006.3,-6779.2
6013.2,-6800.0
6020.2,-6820.8
6026.6,-6841.9
6033.9,-6863.0
6040.8,-6884.6
6048.3,-6905.6
6055.3,-6926.5
6062.3,-6947.3
6069.2,-6967.9
6076.1,-6988.3
6082.1,-7008.1
6088.1,-7027.0
6093.8,-7044.9
6099.5,-7061.9
6104.8,-7078.0
6109.5,-7093.7
6115.1,-7108.1
6122.3,-7121.2
6132.4,-7131.7
6144.8,-7140.9
6157.9,-7149.6
6171.0,-7158.6
6185.2,-7168.1
6199.3,-7178.3
6214.5,-7188.9
6229.9,-7200.2
6246.1,-7211.3
6262.7,-7223.1
6279.8,-7234.7
6296.6,-7246.6
6313.8,-7258.5
6330.6,-7270.4
6346.6,-7281.7
6362.6,-7292.6
6377.5,-7303.9
6393.3,-7314.7
6408.8,-7326.1
6425.0,-7337.3
6440.6,-7349.0
6457.2,-7360.6
6473.6,-7372.6
6489.9,-7384.6
6506.5,-7396.6
6523.5,-7408.6
6540.3,-7420.4
6557.5,-7432.3
6574.3,-7444.3
6591.5,-7456.1
6608.9,-7468.2
6625.8,-7480.4
6643.2,-7492.5
6660.6,-7504.8
6677.5,-7517.0
6694.7,-7529.3
6711.4,-7541.4
6727.9,-7553.1
6744.6,-7564.6
6760.7,-7576.1
6776.7,-7586.7
6791.4,-7596.8
6804.5,-7606.1
6816.2,-7614.0
6825.9,-7620.8
6834.2,-7626.4
6841.2,-7631.7
6846.1,-7637.6
6849.5,-7645.0
6851.4,-7654.4
6852.8,-7665.1
6854.4,-7676.0
6856.3,-7686.5
6858.2,-7696.9
6859.5,-7708.2
6861.3,-7720.6
6863.0,-7733.7
6864.7,-7746.4
6866.6,-7759.6
6869.0,-7773.3
6871.0,-7788.0
6873.4,-7803.2
6875.6,-7819.5
6878.0,-7836.7
6880.3,-7854.2
6882.9,-7871.9
6885.7,-7889.9
6888.7,-7907.6
6891.1,-7924.9
6893.9,-7941.3
6896.4,-7957.8
6899.8,-7974.4
6902.9,-7991.4
6905.7,-8008.9
6908.6,-8026.5
6911.6,-8043.9
6914.1,-8061.4
6917.3,-8078.0
6920.0,-8094.3
6922.5,-8110.4
6925.0,-8126.3
6927.6,-8142.0
6930.2,-8158.0
6932.9,-8173.7
6935.8,-8188.7
6939.0,-8203.0
6942.2,-8216.9
6946.0,-8231.0
6949.7,-8244.7
6953.6,-8258.7
6957.8,-8273.2
6962.1,-8288.1
6966.3,-8303.5
6970.6,-8319.3
6975.0,-8335.4
6979.6,-8351.1
6984.5,-8366.2
6989.4,-8381.2
6994.8,-8396.3
6999.5,-8412.0
7004.8,-8427.7
7010.4,-8443.6
7015.5,-8459.8
7020.6,-8476.7
7025.8,-8493.8
7031.3,-8511.5
7037.1,-8529.1
7042.7,-8546.9
7048.3,-8564.8
7053.9,-8582.4
7059.9,-8600.0
7065.6,-8618.0
7071.2,-8636.0
7077.3,-8653.4
7082.9,-8670.4
7087.8,-8686.8
7093.4,-8702.1
7098.4,-8717.2
7103.4,-8732.6
7108.5,-8748.1
7113.3,-8763.9
7118.0,-8779.6
7122.6,-8794.9
7126.0,-8810.4
7129.0,-8825.1
7130.8,-8839.6
7129.8,-8854.5
7127.7,-8869.1
7124.4,-8883.8
7121.2,-8899.1
7117.0,-8915.1
7113.1,-8931.9
7108.8,-8949.6
7103.7,-8967.8
7099.1,-8986.3
7094.6,-9005.7
7090.4,-9025.1
7086.2,-9044.3
7081.8,-9063.0
7077.3,-9081.6
7073.4,-9099.7
7068.7,-9118.3
7064.4,-9136.1
7060.2,-9153.2
7056.2,-9169.2
7051.9,-9184.5
7047.2,-9199.1
7041.7,-9213.1
7034.5,-9227.7
7027.1,-9242.6
7017.9,-9258.1
7008.5,-9274.1
6999.1,-9290.2
6989.7,-9306.2
6980.8,-9322.3
6971.9,-9338.5
6963.0,-9354.7
6954.1,-9370.9
6945.3,-9387.1
6936.3,-9403.2
6927.0,-9419.1
6918.0,-9435.1
6908.9,-9450.9
6900.6,-9466.2
6891.9,-9481.5
6883.2,-9496.8
6874.6,-9511.7
6866.9,-9526.1
6858.9,-9539.8
6851.1,-9553.8
6842.9,-9567.6
6835.5,-9581.5
6827.9,-9595.1
6820.2,-9608.7
6812.6,-9622.1
6804.1,-9636.2
6795.9,-9650.5
6787.6,-9664.6
6779.0,-9678.1
6770.5,-9690.9
6761.9,-9703.4
6752.8,-9716.2
6744.0,-9728.9
6735.2,-9741.7
6725.8,-9754.6
6716.2,-9767.4
6707.0,-9780.2
6697.5,-9792.8
6688.6,-9805.3
6679.4,-9818.1
6670.4,-9831.2
6661.0,-9844.3
6650.9,-9857.7
6641.0,-9870.9
6630.9,-9884.3
6620.5,-9897.8
6609.8,-9910.9
6599.1,-9924.0
6588.0,-9937.2
6577.2,-9950.1
6565.6,-9963.1
6553.4,-9976.3
6539.9,-9989.7
6526.3,-10003.8
6512.1,-10018.4
6498.2,-10033.3
6483.6,-10048.5
6468.7,-10064.1
6453.9,-10079.7
6438.6,-10095.6
6423.3,-10111.5
6408.7,-10127.0
6392.9,-10143.1
6377.2,-10159.2
6361.2,-10175.6
6345.6,-10192.2
6329.2,-10209.1
6313.4,-10226.2
6298.0,-10242.8
6283.1,-10258.8
6268.4,-10274.3
6254.2,-10289.0
6240.1,-10303.3
6225.8,-10318.0
6211.1,-10333.1
6197.1,-10348.5
6182.2,-10364.3
6167.5,-10380.0
6152.7,-10396.0
6137.5,-10412.1
6122.6,-10428.3
6107.5,-10444.6
6092.8,-10460.5
6078.2,-10475.8
6063.7,-10491.0
6049.5,-10505.9
6035.9,-10520.2
6022.7,-10534.2
6009.6,-10547.5
5996.2,-10559.7
5981.2,-10570.9
5964.5,-10581.2
5947.0,-10590.7
5929.1,-10600.1
5911.5,-10609.2
5894.3,-10618.5
5877.5,-10627.6
5861.5,-10636.2
5845.1,-10643.3
5828.3,-10649.2
5811.2,-10653.9
5794.6,-10658.3
5777.8,-10663.4
5760.8,-10669.0
5744.2,-10674.4
5728.4,-10679.7
5713.5,-10685.4
5700.1,-10691.4
5688.5,-10697.9
5679.4,-10706.0
5671.7,-10716.5
5665.0,-10729.6
5658.7,-10744.2
5651.7,-10759.1
5644.3,-10774.1
5636.4,-10789.7
5627.9,-10805.3
5619.8,-10821.1
5612.6,-10837.6
5606.4,-10854.5
5601.0,-10871.8
5596.0,-10889.3
5590.9,-10907.0
5586.7,-10924.6
5582.6,-10942.9
5578.5,-10961.2
5574.4,-10979.6
5570.2,-10997.6
5565.8,-11015.4
5560.4,-11031.9
5554.5,-11047.2
5547.5,-11062.2
5541.0,-11077.0
5533.7,-11092.2
5526.8,-11107.3
5519.7,-11122.6
5512.9,-11137.2
5506.8,-11151.1
5500.7,-11164.4
5494.8,-11177.5
5488.5,-11191.0
5482.5,-11204.7
5476.6,-11219.0
5470.7,-11233.4
5464.7,-11247.6
5459.5,-11262.1
5454.0,-11277.3
5448.4,-11293.4
5442.9,-11310.0
5437.1,-11327.4
5430.7,-11346.3
5424.8,-11365.5
5418.3,-11385.2
5412.6,-11404.9
5405.8,-11424.7
5398.7,-11444.8
5391.7,-11465.3
5384.5,-11486.4
5377.4,-11507.8
5370.5,-11529.2
5363.4,-11550.6
5356.3,-11571.7
5349.8,-11592.2
5342.5,-11612.0
5335.4,-11632.1
5329.4,-11651.6
5323.1,-11671.5
5316.8,-11691.1
5310.3,-11710.7
5302.7,-11731.9
5296.2,-11751.5
5290.1,-11769.4
5284.2,-11786.9
5278.8,-11804.0
5272.7,-11820.8
5266.5,-11838.0
5260.4,-11855.3
5254.7,-11873.0
5249.4,-11890.8
5243.6,-11909.4
5237.8,-11928.5
5232.2,-11947.7
5226.5,-11967.3
5220.7,-11987.5
5214.8,-12008.3
5208.5,-12029.8
5202.3,-12051.5
5196.3,-12073.1
5190.3,-12094.6
5184.1,-12115.8
5178.3,-12136.5
5172.6,-12156.9
5167.4,-12176.9
5161.3,-12196.5
5156.1,-12215.4
5150.6,-12234.6
5144.9,-12253.7
5139.3,-12272.8
5133.7,-12291.9
5126.8,-12311.0
5121.3,-12331.0
5115.8,-12351.6
5110.1,-12371.8
5104.4,-12391.5
5097.6,-12411.5
5091.2,-12432.3
5084.8,-12453.8
5078.6,-12475.4
5072.8,-12497.1
5065.8,-12519.1
5059.3,-12540.7
5053.1,-12562.3
5046.6,-12583.9
5040.1,-12605.5
5034.0,-12626.8
5027.5,-12648.3
5021.0,-12669.9
5014.8,-12691.3
5008.4,-12713.3
5002.1,-12734.7
4995.6,-12756.3
4989.4,-12777.3
4983.0,-12798.2
4977.2,-12818.4
4971.1,-12839.2
4965.2,-12859.9
4959.1,-12880.9
4953.0,-12901.6
4947.1,-12922.3
4941.8,-12942.2
4935.5,-12962.2
4929.7,-12981.8
4923.6,-13002.1
4918.2,-13021.9
4912.4,-13041.5
4907.6,-13060.0
4902.1,-13078.2
4897.4,-13095.4
4892.1,-13112.5
4887.4,-13129.5
4882.4,-13146.8
4877.1,-13164.6
4871.6,-13182.9
4866.1,-13201.5
4860.4,-13220.5
4855.3,-13239.6
4849.3,-13259.4
4844.2,-13279.2
4839.1,-13298.7
4834.5,-13318.0
4831.0,-13337.7
4827.8,-13357.0
4824.7,-13376.4
4821.7,-13396.0
4818.4,-13416.3
4815.1,-13436.4
4811.9,-13456.8
4808.9,-13477.0
4806.5,-13497.4
4803.1,-13518.5
4799.8,-13539.7
4796.8,-13560.9
4793.7,-13581.7
4789.7,-13603.2
4786.8,-13624.4
4783.1,-13646.5
4779.4,-13669.0
4776.3,-13691.4
4772.7,-13714.0
4769.1,-13736.9
4766.0,-13759.4
4762.8,-13781.7
4759.3,-13803.8
4755.4,-13826.3
4752.2,-13848.5
4748.8,-13871.2
4745.0,-13894.6
4741.7,-13917.9
4738.0,-13941.6
4734.4,-13965.5
4730.5,-13989.6
4727.1,-14013.7
4723.3,-14037.9
4719.7,-14061.9
4715.8,-14085.2
4712.4,-14108.1
4708.9,-14130.8
4705.4,-14153.5
4701.6,-14176.1
4698.1,-14198.2
4695.3,-14219.6
4692.3,-14240.7
4688.8,-14261.8
4685.3,-14282.5
4682.3,-14302.3
4679.7,-14321.7
4678.3,-14340.9
4678.4,-14360.1
4680.5,-14379.4
4683.9,-14398.5
4688.2,-14418.4
4692.0,-14439.3
4697.0,-14460.1
4702.1,-14480.9
4707.2,-14501.9
4712.4,-14523.1
4717.5,-14544.9
4722.3,-14566.9
4728.1,-14588.2
4733.3,-14609.2
4737.9,-14629.5
4742.5,-14648.7
4747.0,-14667.2
4751.7,-14684.9
4756.3,-14701.4
4760.7,-14717.4
4764.8,-14733.7
4768.8,-14750.2
4773.0,-14766.7
4776.8,-14783.6
4781.3,-14799.8
4785.3,-14815.9
4788.9,-14831.5
4792.5,-14846.7
4796.0,-14861.6
4799.4,-14875.9
4803.0,-14889.3
4806.3,-14901.4
4809.1,-14911.6
4811.5,-14919.1
4812.8,-14923.9
4814.1,-14926.0
4815.2,-14927.3
4817.5,-14928.3
4820.5,-14928.1
4825.7,-14926.5
4831.6,-14926.0
4839.4,-14926.4
4848.7,-14928.5
4860.0,-14931.7
4871.7,-14936.7
4884.7,-14942.4
4898.6,-14949.0
4913.7,-14956.3
4929.8,-14963.5
4946.5,-14971.1
4963.6,-14978.6
4980.7,-14986.5
4997.3,-14994.0
5013.6,-15001.1
5030.0,-15007.1
5046.4,-15012.1
5062.7,-15016.0
5079.1,-15019.2
5094.6,-15022.3
5109.2,-15024.2
5121.9,-15025.2
5133.2,-15025.0
5141.5,-15023.6
5146.9,-15022.1
5149.3,-15021.1
5150.3,-15020.5
5150.8,-15020.3
5151.3,-15020.2
5153.1,-15020.3
5156.4,-15022.3
5160.1,-15026.1
5164.6,-15031.2
5169.7,-15037.4
5176.9,-15045.0
5184.8,-15053.5
5193.4,-15062.5
5203.1,-15072.0
5213.6,-15081.4
5224.9,-15091.5
5236.3,-15102.0
5248.2,-15112.6
5259.8,-15123.0
5270.9,-15133.3
5281.4,-15143.5
5290.9,-15152.6
5298.5,-15159.9
5303.1,-15166.2
5303.8,-15172.7
5301.7,-15179.6
5297.1,-15187.0
5291.6,-15194.8
5285.9,-15202.6
5280.9,-15207.8
5276.7,-15209.6
5273.8,-15209.5
5272.1,-15209.0
5272.0,-15208.8
5272.0,-15208.8
5272.0,-15208.8
5271.9,-15208.5
5271.8,-15208.4
5271.8,-15208.4
5271.8,-15208.4
5271.8,-15208.2
5271.2,-15208.2
5270.8,-15208.2
5270.8,-15208.2
5270.7,-15207.9
5270.7,-15207.9
5270.3,-15207.9
5270.2,-15207.8
5270.2,-15207.7
5270.2,-15207.7
5270.2,-15207.7
5270.1,-15207.6
5270.1,-15207.6
5270.1,-15207.6
5269.8,-15207.8
5269.8,-15207.8
5269.8,-15207.9
5269.8,-15207.9
5269.8,-15207.9
5270.2,-15207.8
5270.8,-15208.2
5271.8,-15208.4
5272.9,-15208.8
5274.5,-15209.0
5275.3,-15209.2
5275.0,-15208.7
5274.1,-15209.2
5272.4,-15211.6
5268.8,-15216.5
5265.4,-15222.5
5260.0,-15229.9
5253.1,-15239.1
5245.9,-15248.9
5237.6,-15259.0
5228.8,-15269.7
5218.8,-15281.5
5208.3,-15294.0
5196.4,-15307.3
5184.1,-15321.2
5172.2,-15335.4
5160.8,-15350.5
5150.3,-15367.0
5140.0,-15384.7
5130.3,-15402.7
5119.4,-15421.2
5108.5,-15439.2
5096.2,-15457.1
5083.5,-15474.6
5070.5,-15491.6
5056.9,-15508.5
5042.6,-15524.5
5027.5,-15540.1
5012.3,-15555.4
4997.1,-15570.4
4981.7,-15584.7
4966.1,-15599.7
4950.4,-15615.7
4935.0,-15632.3
4921.7,-15648.9
4908.2,-15666.0
4894.7,-15683.2
4881.2,-15701.1
4868.2,-15719.8
4855.3,-15738.9
4843.0,-15758.1
4830.8,-15777.2
4819.3,-15795.8
4808.0,-15814.5
4798.0,-15832.4
4788.7,-15849.7
4779.6,-15866.4
4771.4,-15881.9
4764.9,-15896.9
4761.0,-15911.4
4759.9,-15925.7
4762.0,-15939.5
4766.8,-15953.7
4775.3,-15968.7
4784.7,-15984.1
4795.6,-16000.0
4807.0,-16016.8
4818.0,-16034.3
4829.1,-16051.9
4840.5,-16069.1
4850.9,-16086.5
4862.1,-16103.3
4873.4,-16119.7
4886.1,-16135.7
4900.0,-16151.0
4914.3,-16165.8
4928.2,-16180.1
4941.2,-16193.3
4952.8,-16206.3
4960.9,-16219.6
4966.9,-16233.4
4971.4,-16248.1
4974.4,-16264.4
4976.0,-16281.9
4977.2,-16300.3
4977.8,-16319.4
4977.9,-16339.9
4978.4,-16361.0
4978.4,-16382.9
4978.6,-16405.2
4979.3,-16427.1
4980.0,-16448.8
4980.4,-16470.7
4980.7,-16492.4
4980.8,-16513.8
4980.8,-16534.9
4981.8,-16555.0
4982.5,-16574.6
4982.9,-16593.2
4983.3,-16611.3
4983.0,-16628.2
4981.4,-16644.6
4977.0,-16660.1
4971.0,-16675.2
4961.4,-16690.7
4951.4,-16706.3
4940.5,-16722.2
4928.8,-16739.0
4916.8,-16756.7
4904.4,-16774.9
4891.2,-16793.5
4878.1,-16812.1
4865.5,-16830.6
4852.2,-16849.6
4839.0,-16868.0
4826.0,-16886.7
4812.9,-16905.8
4799.5,-16925.2
4785.9,-16944.8
4772.4,-16964.5
4758.3,-16985.1
4744.2,-17005.8
4729.9,-17027.0
4716.0,-17047.9
4701.9,-17068.6
4688.5,-17088.7
4674.6,-17108.6
4661.5,-17127.6
4648.7,-17146.3
4635.8,-17164.6
4623.9,-17182.1
4613.3,-17198.6
4604.4,-17214.7
4597.3,-17230.5
4590.6,-17246.8
4582.6,-17264.4
4575.0,-17283.2
4566.4,-17303.5
4557.2,-17325.0
4547.6,-17347.2
4536.8,-17370.0
4526.1,-17392.0
4515.3,-17413.2
4504.5,-17433.5
4494.1,-17452.7
4484.7,-17469.8
4476.7,-17484.3
4470.0,-17496.8
4464.6,-17507.1
4459.9,-17515.6
4455.4,-17521.1
4450.0,-17523.7
4443.9,-17522.8
4437.9,-17520.0
4432.2,-17517.1
4426.8,-17514.0
4421.7,-17510.9
4416.2,-17508.3
4411.9,-17506.1
4409.6,-17505.1
4409.3,-17504.6
4409.3,-17504.6
4409.3,-17504.5
4409.7,-17504.2
4409.6,-17504.1
4409.6,-17504.0
4409.5,-17503.7
4409.3,-17503.3
4409.6,-17503.1
4409.6,-17503.1
4409.6,-17503.0
4409.6,-17503.0
4409.7,-17502.8
4409.7,-17502.8
4409.7,-17502.8
4409.7,-17502.7
4409.7,-17502.7
4409.7,-17502.7
4409.6,-17502.6
4409.6,-17502.6
4410.2,-17502.3
4409.5,-17502.2
4409.4,-17502.0
4409.3,-17501.7
4409.2,-17501.5
4409.1,-17501.4
4409.0,-17501.2
4409.0,-17501.1
4408.9,-17501.0
4408.9,-17500.8
4408.8,-17500.7
4408.8,-17500.6
4408.8,-17500.6
4408.7,-17500.5
4408.7,-17500.4
4408.6,-17500.3
4408.6,-17500.3
4408.6,-17500.3
4408.6,-17500.2
4408.6,-17500.2
4408.5,-17500.1
4408.5,-17500.1
4408.5,-17500.1
4408.5,-17500.0
4408.5,-17500.0
4408.4,-17499.8
4408.4,-17499.8
4408.4,-17499.8
4408.4,-17499.8
4408.4,-17499.8
4408.4,-17499.8
4408.4,-17499.8
