x,y
0.0,0.0
5.3,2.1
9.7,3.1
14.7,2.2
18.0,-1.4
20.8,-6.9
24.0,-14.2
26.7,-23.1
31.6,-32.3
34.5,-42.1
39.6,-51.5
43.7,-61.6
47.0,-72.9
51.5,-84.7
56.3,-97.0
61.2,-109.5
67.0,-121.5
71.6,-133.4
76.2,-145.3
80.7,-156.8
85.3,-168.2
89.6,-179.4
94.1,-190.6
98.5,-201.7
102.7,-212.3
106.7,-221.9
110.3,-230.5
112.5,-238.1
114.1,-243.5
113.9,-246.6
113.2,-248.1
113.4,-249.0
111.7,-251.3
109.1,-254.5
105.5,-257.8
100.5,-260.6
92.0,-264.1
82.6,-267.9
72.0,-271.8
60.3,-275.9
47.4,-280.2
33.3,-284.5
19.2,-288.7
4.0,-293.3
-11.2,-297.9
-26.4,-302.4
-42.7,-307.2
-57.9,-311.9
-72.9,-316.9
-87.8,-322.6
-102.4,-329.3
-116.6,-336.9
-129.7,-344.7
-142.8,-352.6
-155.6,-360.8
-167.4,-369.2
-180.2,-378.0
-191.9,-386.4
-204.6,-395.3
-216.4,-403.4
-228.1,-411.5
-240.0,-419.6
-251.8,-427.3
-263.8,-434.8
-275.7,-442.4
-286.6,-449.6
-298.7,-456.6
-311.0,-463.1
-323.4,-469.0
-334.8,-474.2
-346.3,-479.3
-356.6,-483.9
-368.2,-488.8
-379.7,-493.8
-389.9,-499.1
-401.1,-504.9
-411.2,-510.5
-421.4,-515.9
-432.7,-521.8
-442.7,-527.6
-453.9,-533.8
-465.1,-539.8
-475.1,-545.6
-486.3,-551.7
-497.4,-557.9
-506.3,-563.8
-516.2,-570.0
-525.1,-576.2
-534.9,-582.4
-546.1,-588.6
-557.2,-595.2
-567.9,-602.7
-578.4,-611.3
-588.6,-620.7
-599.8,-630.9
-611.0,-641.1
-623.3,-651.4
-636.9,-661.5
-649.5,-670.8
-663.4,-680.1
-677.2,-689.2
-691.1,-698.3
-705.2,-706.7
-719.4,-714.6
-734.9,-722.1
-749.4,-729.4
-763.9,-736.3
-778.3,-743.4
-791.8,-749.8
-805.2,-756.2
-817.6,-762.2
-828.9,-768.2
-838.8,-774.3
-848.8,-780.6
-857.5,-786.9
-866.8,-791.2
-876.3,-795.0
-886.8,-799.0
-897.4,-803.1
-908.0,-807.1
-917.4,-810.8
-928.0,-815.0
-937.4,-819.0
-946.8,-823.0
-955.1,-826.8
-962.2,-830.3
-967.2,-833.5
-972.0,-837.0
-975.7,-840.3
-979.4,-843.8
-981.9,-847.2
-984.2,-851.3
-985.1,-856.1
-981.7,-859.7
-976.8,-861.0
-971.2,-860.0
-963.7,-857.2
-956.4,-854.4
-946.8,-851.0
-937.0,-848.4
-927.2,-846.2
-917.1,-844.3
-904.6,-842.6
-891.9,-841.8
-880.4,-841.1
-869.9,-840.7
-859.5,-840.5
-850.2,-840.2
-842.0,-840.1
-835.0,-839.9
-829.0,-840.4
-823.7,-842.5
-820.2,-846.8
-818.2,-853.2
-817.1,-861.1
-816.7,-870.5
-817.3,-880.7
-818.0,-890.5
-819.8,-900.5
-821.8,-909.8
-825.1,-918.4
-828.9,-925.6
-831.9,-931.4
-834.1,-935.6
-835.6,-938.7
-837.3,-940.8
-837.1,-941.3
-837.1,-941.6
-837.1,-941.6
-837.1,-941.4
-837.0,-941.8
-837.7,-943.4
-840.2,-947.1
-842.4,-951.5
-846.6,-957.2
-850.6,-963.7
-855.2,-971.7
-860.8,-980.9
-865.3,-990.0
-869.5,-999.5
-872.5,-1009.5
-875.4,-1019.5
-876.3,-1028.6
-876.3,-1036.7
-876.6,-1043.5
-875.4,-1048.0
-875.6,-1051.2
-875.1,-1053.0
-874.7,-1054.0
-875.7,-1054.6
-875.8,-1054.5
-875.8,-1054.4
-875.8,-1054.4
-875.8,-1054.3
-875.9,-1054.2
-875.9,-1054.1
-877.0,-1054.3
-876.7,-1055.2
-876.0,-1057.9
-875.7,-1062.8
-872.0,-1067.5
-868.4,-1071.9
-863.0,-1074.5
-855.8,-1074.9
-847.9,-1073.9
-838.0,-1071.8
-828.0,-1070.0
-817.8,-1068.5
-806.5,-1067.0
-795.1,-1065.8
-782.4,-1064.9
-769.5,-1064.9
-755.1,-1065.4
-741.7,-1067.1
-728.1,-1069.5
-713.1,-1072.4
-698.9,-1076.7
-684.4,-1081.9
-670.9,-1088.0
-658.0,-1095.4
-644.0,-1103.2
-630.8,-1111.8
-618.6,-1121.5
-605.3,-1131.2
-592.8,-1141.3
-581.5,-1151.9
-569.1,-1162.2
-556.7,-1172.5
-545.3,-1183.3
-533.7,-1194.3
-522.2,-1205.5
-510.7,-1217.0
-500.1,-1228.9
-490.6,-1241.3
-479.0,-1252.9
-469.4,-1265.4
-458.9,-1277.3
-448.5,-1288.9
-439.3,-1300.4
-429.0,-1311.4
-419.9,-1322.5
-409.7,-1333.1
-400.7,-1343.6
-391.9,-1353.8
-383.1,-1363.9
-374.4,-1373.7
-365.7,-1383.5
-357.0,-1393.0
-348.4,-1402.3
-341.1,-1411.4
-333.9,-1420.1
-326.8,-1428.1
-319.9,-1435.7
-313.2,-1442.7
-307.6,-1449.7
-301.1,-1456.1
-295.6,-1463.0
-288.8,-1470.2
-281.8,-1478.3
-274.7,-1486.3
-267.6,-1494.7
-259.2,-1503.2
-250.7,-1512.5
-241.9,-1522.3
-233.1,-1532.6
-223.1,-1542.5
-214.3,-1552.9
-204.2,-1563.0
-195.1,-1573.7
-185.1,-1584.2
-174.9,-1594.9
-165.7,-1606.1
-155.5,-1617.0
-145.3,-1627.9
-135.0,-1639.0
-123.7,-1649.5
-113.4,-1660.5
-103.1,-1671.4
-91.9,-1681.7
-81.7,-1692.2
-70.6,-1702.1
-60.8,-1711.9
-50.9,-1721.6
-41.1,-1730.9
-31.4,-1739.8
-21.9,-1748.2
-13.7,-1756.2
-5.8,-1763.2
0.7,-1769.6
6.8,-1774.5
10.4,-1778.7
14.7,-1781.4
17.8,-1784.3
21.2,-1787.6
25.9,-1791.9
32.1,-1797.1
38.6,-1803.2
46.1,-1809.1
52.7,-1815.5
60.4,-1822.0
68.4,-1829.2
77.6,-1836.4
89.0,-1843.3
99.5,-1851.1
113.4,-1858.5
126.3,-1866.3
140.3,-1873.8
154.2,-1881.2
169.2,-1888.2
184.4,-1895.5
200.6,-1902.7
217.0,-1910.2
234.5,-1917.4
252.1,-1925.1
269.8,-1933.2
288.9,-1941.7
307.1,-1951.4
325.6,-1961.9
343.0,-1972.8
360.6,-1984.2
377.0,-1996.3
393.8,-2009.1
409.7,-2022.9
425.7,-2037.4
441.0,-2053.0
456.4,-2069.2
469.7,-2086.5
483.2,-2104.4
495.7,-2123.1
507.3,-2142.5
519.0,-2162.1
529.5,-2182.2
540.1,-2202.3
550.7,-2222.4
561.3,-2242.4
573.0,-2262.4
582.5,-2282.7
594.2,-2302.6
604.8,-2322.9
615.4,-2343.0
626.1,-2363.2
636.7,-2383.4
647.4,-2403.6
657.9,-2423.7
668.6,-2444.0
679.1,-2464.2
689.9,-2484.6
700.5,-2504.7
711.1,-2524.9
721.8,-2545.3
731.3,-2565.9
740.9,-2586.6
750.6,-2607.5
760.2,-2628.5
770.0,-2649.6
778.6,-2671.2
788.3,-2692.3
797.0,-2714.1
805.6,-2735.8
814.5,-2757.8
823.3,-2779.8
831.0,-2802.5
838.8,-2825.0
846.6,-2847.9
854.4,-2870.6
862.1,-2893.1
868.8,-2916.0
876.5,-2938.4
883.1,-2961.2
889.7,-2984.0
896.4,-3006.7
903.1,-3029.8
909.7,-3052.7
916.5,-3076.1
923.4,-3099.5
931.3,-3122.8
938.3,-3146.5
945.2,-3170.5
952.2,-3194.5
959.3,-3218.9
966.4,-3243.3
973.6,-3267.9
980.8,-3292.7
989.1,-3317.3
996.4,-3342.2
1005.8,-3366.6
1014.2,-3391.2
1024.9,-3415.4
1035.4,-3439.6
1047.2,-3463.6
1058.9,-3487.6
1071.6,-3510.8
1086.4,-3533.0
1100.1,-3555.3
1114.8,-3577.1
1130.5,-3598.5
1146.2,-3619.8
1164.2,-3640.6
1182.1,-3661.3
1201.0,-3681.4
1220.0,-3701.2
1240.8,-3719.9
1260.5,-3738.0
1282.2,-3755.3
1303.7,-3772.2
1325.2,-3788.4
1346.3,-3804.0
1368.3,-3818.4
1390.1,-3831.9
1412.8,-3844.3
1434.0,-3856.2
1456.3,-3867.2
1478.3,-3877.5
1500.0,-3886.9
1521.7,-3896.0
1544.3,-3904.2
1566.9,-3912.3
1589.4,-3920.5
1612.0,-3928.8
1634.7,-3937.3
1657.4,-3945.7
1680.0,-3954.1
1702.6,-3962.5
1724.2,-3971.6
1746.1,-3981.3
1768.0,-3991.2
1788.9,-4001.9
1810.1,-4013.2
1830.2,-4025.3
1851.6,-4037.6
1871.0,-4051.2
1891.6,-4065.0
1911.3,-4079.4
1930.0,-4094.6
1948.7,-4109.9
1966.4,-4125.8
1984.2,-4142.0
2001.0,-4158.7
2017.8,-4175.6
2033.6,-4193.3
2049.4,-4211.0
2064.3,-4229.4
2079.1,-4247.7
2093.0,-4266.7
2106.8,-4285.8
2119.6,-4305.2
2131.4,-4325.2
2144.2,-4344.8
2154.9,-4365.3
2165.7,-4385.7
2176.3,-4406.2
2184.8,-4427.3
2194.5,-4448.2
2201.9,-4469.8
2209.5,-4491.5
2217.0,-4513.2
2223.5,-4535.4
2229.9,-4557.6
2235.3,-4580.1
2240.6,-4602.4
2244.9,-4625.1
2249.1,-4647.7
2252.2,-4670.7
2254.2,-4694.1
2257.4,-4716.9
2260.5,-4740.0
2262.5,-4763.0
2264.5,-4786.1
2267.6,-4808.9
2268.4,-4832.1
2271.3,-4854.6
2273.3,-4877.4
2275.0,-4899.9
2277.8,-4921.4
2280.5,-4942.8
2282.9,-4963.5
2285.4,-4983.9
2287.6,-5003.8
2289.7,-5023.3
2290.6,-5042.6
2291.4,-5061.7
2292.2,-5080.5
2292.9,-5099.2
2293.5,-5117.8
2294.3,-5136.1
2294.8,-5154.2
2296.2,-5171.3
2297.4,-5187.6
2298.2,-5202.7
2298.8,-5216.9
2299.1,-5229.8
2299.2,-5242.0
2300.1,-5253.4
2299.7,-5263.9
2299.9,-5272.8
2299.7,-5280.0
2299.1,-5286.0
2298.0,-5290.6
2296.9,-5294.9
2295.9,-5299.3
2294.0,-5304.7
2292.2,-5310.6
2290.8,-5317.9
2291.9,-5325.7
2295.2,-5333.0
2299.7,-5340.0
2304.1,-5347.6
2306.8,-5356.6
2308.7,-5367.0
2310.8,-5378.2
2313.1,-5390.1
2314.2,-5402.2
2316.6,-5414.4
2318.0,-5427.6
2320.9,-5441.2
2322.8,-5455.9
2324.9,-5471.2
2327.1,-5486.9
2329.3,-5502.6
2332.7,-5518.3
2335.1,-5534.6
2337.7,-5551.5
2340.2,-5568.5
2342.9,-5585.6
2344.5,-5603.4
2348.3,-5620.3
2351.0,-5637.6
2354.8,-5655.0
2358.7,-5672.3
2363.6,-5689.1
2369.6,-5705.8
2374.5,-5722.4
2380.4,-5738.6
2385.2,-5755.2
2391.2,-5771.2
2397.1,-5787.5
2401.8,-5803.8
2407.6,-5819.7
2412.4,-5836.0
2418.3,-5852.0
2424.0,-5867.8
2428.7,-5883.9
2434.5,-5899.5
2440.2,-5915.1
2445.8,-5930.5
2451.4,-5945.4
2456.8,-5960.2
2461.1,-5974.8
2466.3,-5988.4
2472.4,-6001.2
2478.4,-6013.6
2485.2,-6025.2
2493.1,-6036.2
2501.1,-6047.0
2509.9,-6057.3
2518.7,-6067.4
2528.5,-6076.6
2538.1,-6085.1
2548.3,-6092.1
2560.4,-6097.3
2572.4,-6102.2
2584.4,-6106.9
2595.5,-6112.3
2606.6,-6118.6
2617.1,-6126.2
2627.8,-6134.3
2637.4,-6143.5
2646.3,-6153.4
2654.2,-6164.5
2662.2,-6175.8
2668.2,-6188.3
2674.2,-6200.9
2680.3,-6213.7
2685.2,-6226.6
2691.3,-6239.2
2697.4,-6252.0
2704.5,-6264.1
2713.5,-6275.0
2723.5,-6284.8
2734.1,-6293.3
2744.7,-6301.3
2755.4,-6309.6
2767.1,-6317.4
2777.7,-6325.4
2788.2,-6333.3
2798.8,-6341.1
2808.1,-6348.9
2818.4,-6356.2
2827.4,-6362.9
2835.0,-6368.6
2841.0,-6373.1
2845.7,-6377.2
2849.1,-6380.7
2850.1,-6384.2
2849.9,-6387.4
2848.5,-6390.7
2847.1,-6393.9
2845.6,-6397.1
2845.4,-6400.5
2845.3,-6404.0
2846.2,-6406.9
2848.1,-6409.3
2849.8,-6411.0
2851.4,-6412.6
2852.9,-6413.7
2854.3,-6414.6
2855.5,-6414.8
2855.5,-6414.9
2856.6,-6414.5
2856.5,-6414.4
2856.5,-6414.3
2856.5,-6414.2
2856.5,-6414.1
2856.4,-6414.0
2856.3,-6413.8
2856.3,-6413.8
2856.3,-6413.6
2856.3,-6413.6
2856.3,-6413.5
2856.3,-6413.4
2856.2,-6413.3
2856.2,-6413.3
2855.1,-6413.5
2855.1,-6413.4
2855.0,-6413.3
2855.0,-6413.1
2855.0,-6413.1
2855.0,-6413.1
2855.0,-6413.1
2853.9,-6413.3
2853.9,-6413.3
2853.9,-6413.2
2853.9,-6413.2
2853.8,-6413.1
2853.8,-6412.9
2853.8,-6412.9
2852.7,-6413.1
2852.7,-6413.1
2852.7,-6413.1
2852.7,-6413.1
2852.7,-6413.0
2852.6,-6412.9
2852.6,-6412.9
2853.7,-6412.5
2853.6,-6412.3
2853.6,-6412.3
2853.6,-6412.3
2853.6,-6412.3
2853.6,-6412.3
2853.6,-6412.3
2852.5,-6412.7
2852.5,-6412.7
2853.6,-6412.3
2853.6,-6412.3
2853.6,-6412.3
2853.6,-6412.1
2853.6,-6412.1
2853.5,-6412.0
2853.5,-6412.0
2854.6,-6411.6
2854.6,-6411.6
2854.5,-6411.6
2854.5,-6411.6
2854.5,-6411.4
2855.6,-6411.1
2855.5,-6411.0
2855.5,-6411.0
2855.5,-6410.9
2855.5,-6410.9
2855.5,-6410.8
2855.5,-6410.8
2855.5,-6410.8
2855.5,-6410.7
2855.5,-6410.7
2855.5,-6410.7
2856.5,-6410.2
2856.5,-6410.2
2856.5,-6410.2
2856.5,-6410.2
2856.5,-6410.2
2856.5,-6410.2
2856.5,-6410.2
2856.5,-6410.2
2856.5,-6410.2
2856.5,-6410.2
2856.4,-6410.1
2856.4,-6410.1
2856.4,-6410.1
2856.4,-6410.0
2857.5,-6409.8
2857.5,-6409.8
2857.5,-6409.7
2857.5,-6409.7
2857.5,-6409.7
2857.5,-6409.7
2857.5,-6409.7
2857.5,-6409.7
2857.5,-6409.7
2857.5,-6409.7
2857.5,-6409.7
2857.5,-6409.7
2857.5,-6409.7
2857.5,-6409.8
2857.5,-6409.9
2858.6,-6409.6
2858.6,-6409.6
2858.7,-6409.7
2858.7,-6409.7
2858.7,-6409.7
2858.7,-6409.9
2858.7,-6409.9
2858.8,-6410.1
2858.8,-6410.1
2858.8,-6410.2
2858.8,-6410.3
2858.8,-6410.3
2858.8,-6410.4
2858.8,-6410.4
2858.8,-6410.4
2858.8,-6410.4
2858.8,-6410.4
2858.9,-6410.5
2858.9,-6410.5
2858.9,-6410.5
2859.9,-6410.1
2859.9,-6410.1
2859.9,-6410.1
2860.0,-6410.3
2859.9,-6410.1
2859.9,-6410.1
2859.9,-6410.1
2859.9,-6410.1
2861.0,-6409.8
2861.0,-6409.8
2861.0,-6409.8
2861.0,-6409.8
2861.0,-6409.8
2861.0,-6409.8
2861.0,-6409.8
2862.0,-6409.5
2862.0,-6409.5
2862.0,-6409.5
2862.0,-6409.5
2862.0,-6409.5
2862.0,-6409.4
2862.0,-6409.4
2862.0,-6409.4
2862.0,-6409.4
2862.0,-6409.3
2862.0,-6409.3
2862.0,-6409.3
2862.0,-6409.3
2862.0,-6409.3
2863.0,-6408.8
2863.0,-6408.8
2863.0,-6408.8
2863.0,-6408.7
2863.0,-6408.7
2863.0,-6408.7
2863.0,-6408.6
2864.0,-6408.3
2864.0,-6408.3
2864.0,-6408.2
2864.0,-6408.2
2864.0,-6408.2
2864.0,-6408.0
2863.9,-6407.9
2863.8,-6407.6
2863.7,-6407.3
2863.7,-6407.1
2863.6,-6406.9
2863.5,-6406.6
2864.6,-6406.3
2863.5,-6406.4
2863.4,-6406.2
2863.4,-6406.2
2863.3,-6405.9
2864.4,-6405.6
2864.4,-6405.7
2864.4,-6405.7
2864.4,-6405.7
2863.4,-6406.1
2862.4,-6406.7
2861.4,-6407.1
2861.4,-6407.2
2861.4,-6407.4
2861.5,-6407.5
2861.5,-6407.5
2861.5,-6407.5
2861.5,-6407.6
2862.6,-6407.3
2862.6,-6407.4
2862.6,-6407.4
2862.6,-6407.5
2862.7,-6407.6
2861.6,-6408.1
2861.7,-6408.1
2861.7,-6408.1
2861.7,-6408.1
2861.7,-6408.2
2861.7,-6408.3
2861.8,-6408.5
2861.8,-6408.5
2860.8,-6409.0
2860.8,-6409.0
2860.8,-6409.1
2859.8,-6409.5
2859.8,-6409.6
2859.8,-6409.6
2859.8,-6409.8
2859.8,-6409.8
2859.8,-6409.8
2859.8,-6409.9
2859.8,-6409.9
2858.8,-6410.3
2858.8,-6410.3
2858.8,-6410.4
2858.8,-6410.4
2858.8,-6410.4
2858.9,-6410.5
2858.9,-6410.5
2858.9,-6410.5
2858.9,-6410.5
2858.9,-6410.5
2858.9,-6410.6
2858.9,-6410.6
2858.9,-6410.6
2858.9,-6410.6
2857.9,-6411.0
2857.9,-6411.0
2857.9,-6411.0
2857.9,-6411.0
2857.9,-6411.0
2857.9,-6411.0
2857.8,-6410.9
2857.8,-6410.9
2857.8,-6410.9
2857.9,-6411.0
2857.9,-6411.0
2857.9,-6411.0
2857.9,-6411.0
2857.9,-6411.1
2857.9,-6411.1
2857.9,-6411.1
2857.9,-6411.2
2857.9,-6411.2
2857.9,-6411.2
2858.0,-6411.4
2858.0,-6411.4
2858.0,-6411.4
2858.0,-6411.4
2858.0,-6411.4
2858.0,-6411.5
2858.0,-6411.5
2858.0,-6411.5
2858.0,-6411.5
2856.9,-6411.8
2856.9,-6411.8
2856.9,-6411.8
2856.9,-6411.8
2856.9,-6411.8
2857.0,-6411.9
2857.0,-6411.9
2857.0,-6411.9
2857.0,-6411.9
2857.0,-6411.9
2857.0,-6411.9
2857.0,-6411.9
2857.0,-6411.9
2857.0,-6411.9
2857.0,-6411.9
2857.0,-6411.9
2857.0,-6411.9
2857.0,-6412.0
2857.0,-6412.0
2857.0,-6412.0
2857.0,-6412.0
2857.0,-6412.0
2857.0,-6412.0
2857.0,-6412.0
2857.0,-6412.0
2857.0,-6411.9
2857.0,-6412.0
2857.0,-6411.9
2857.0,-6411.9
2857.0,-6412.0
2857.0,-6412.0
2857.0,-6411.9
2857.0,-6411.9
2857.0,-6411.9
2857.0,-6411.9
2857.0,-6411.9
2857.0,-6411.9
2857.0,-6411.9
2857.0,-6411.9
2857.0,-6411.9
2857.0,-6411.9
2856.9,-6411.8
2856.9,-6411.8
2856.9,-6411.8
2856.9,-6411.8
2856.9,-6411.8
2856.9,-6411.8
2856.9,-6411.8
2856.9,-6411.8
2856.9,-6411.7
2856.9,-6411.7
2856.9,-6411.5
2856.9,-6411.5
2855.8,-6411.9
2855.8,-6411.7
2855.8,-6411.7
2855.8,-6411.7
2855.7,-6411.7
2855.7,-6411.7
2855.7,-6411.7
2855.7,-6411.7
2855.7,-6411.5
2855.7,-6411.5
2855.7,-6411.5
2855.7,-6411.5
2855.7,-6411.5
2855.7,-6411.5
2855.7,-6411.4
2855.7,-6411.4
2856.7,-6411.1
2856.7,-6411.0
2856.7,-6411.0
2856.7,-6411.0
2856.7,-6411.0
2857.7,-6410.5
2857.7,-6410.5
2857.7,-6410.4
2858.8,-6410.1
2858.7,-6409.9
2858.7,-6409.9
2858.7,-6409.9
2858.7,-6409.7
2858.7,-6409.7
2859.7,-6409.3
2859.7,-6409.3
2859.6,-6409.2
2859.6,-6409.1
2859.6,-6409.1
2859.6,-6409.0
2859.6,-6409.1
2859.6,-6409.1
2859.6,-6409.0
2859.6,-6409.0
2858.5,-6409.3
2858.5,-6409.3
2858.5,-6409.3
2858.5,-6409.4
2858.5,-6409.3
2857.5,-6409.6
2857.5,-6409.6
2857.4,-6409.5
2857.4,-6409.5
2857.4,-6409.5
2857.4,-6409.5
2856.3,-6409.8
2856.3,-6409.8
2856.3,-6409.8
2856.3,-6409.8
2856.3,-6409.8
2856.3,-6409.8
2856.3,-6409.7
2856.3,-6409.7
2855.3,-6410.0
2855.3,-6410.0
2855.3,-6410.0
2855.3,-6410.0
2855.3,-6410.0
2855.3,-6410.0
2855.2,-6409.9
2855.2,-6409.9
2855.2,-6409.9
2855.2,-6409.9
2855.2,-6409.9
2855.2,-6409.8
2855.2,-6409.8
2855.2,-6409.8
2855.2,-6409.7
2855.2,-6409.7
2855.1,-6409.5
2855.1,-6409.5
2855.1,-6409.5
2855.1,-6409.5
2855.1,-6409.5
2855.1,-6409.4
2855.1,-6409.4
2855.1,-6409.4
2855.0,-6409.2
2855.0,-6409.2
2855.0,-6409.2
2855.0,-6409.1
2855.0,-6409.1
2855.0,-6409.0
2855.0,-6409.0
2855.0,-6409.0
2854.9,-6408.9
2853.8,-6409.1
2852.7,-6409.3
2851.7,-6409.6
2851.6,-6409.4
2850.5,-6409.6
2850.5,-6409.5
2850.5,-6409.4
2850.4,-6409.3
2850.4,-6409.1
2850.3,-6409.1
2849.3,-6409.3
2849.2,-6409.1
2849.2,-6409.0
2850.2,-6408.6
2849.1,-6408.9
2849.2,-6408.9
2848.1,-6409.3
2848.1,-6409.3
2847.0,-6409.6
2847.0,-6409.6
2846.0,-6409.9
2846.0,-6409.9
2846.0,-6409.9
2844.9,-6410.4
2844.9,-6410.4
2843.8,-6410.8
2843.8,-6410.8
2843.8,-6410.8
2843.9,-6411.0
2843.7,-6410.6
2844.9,-6410.1
2844.9,-6410.2
2844.9,-6410.2
2843.7,-6410.6
2843.7,-6410.6
2843.7,-6410.6
2844.9,-6410.1
2845.8,-6409.5
2845.8,-6409.5
2845.8,-6409.5
2845.8,-6409.5
2845.8,-6409.5
2844.8,-6409.8
2844.8,-6409.8
2844.8,-6409.9
2843.6,-6410.2
2843.6,-6410.2
2843.6,-6410.2
2843.7,-6410.3
2843.7,-6410.3
2843.7,-6410.4
2843.7,-6410.4
2843.7,-6410.5
2842.7,-6410.8
2842.7,-6410.9
2842.7,-6410.9
2843.7,-6410.6
2844.9,-6410.1
2845.8,-6409.5
2845.8,-6409.5
2847.0,-6409.4
2847.0,-6409.4
2847.0,-6409.4
2847.0,-6409.4
2847.0,-6409.4
2848.1,-6409.2
2848.1,-6409.2
2848.1,-6409.2
2848.1,-6409.3
2849.2,-6408.9
2849.1,-6408.9
2849.0,-6408.4
2848.8,-6407.6
2847.5,-6407.3
2846.2,-6406.6
2844.7,-6406.0
2843.5,-6405.7
2842.3,-6405.8
2842.3,-6405.8
2843.5,-6405.7
2845.6,-6404.8
2846.4,-6403.6
2846.9,-6401.1
2847.3,-6398.4
2846.7,-6396.4
2846.0,-6394.0
2845.2,-6391.4
2844.4,-6389.0
2845.0,-6386.6
2845.6,-6384.9
2846.5,-6383.6
2847.4,-6382.9
2847.4,-6382.8
2847.3,-6382.4
2848.0,-6380.9
2847.2,-6378.2
2846.0,-6374.2
2842.5,-6370.4
2837.9,-6366.6
2831.9,-6362.2
2825.7,-6356.9
2818.3,-6351.5
2810.8,-6345.7
2801.9,-6339.7
2792.9,-6333.0
2783.8,-6325.8
2773.4,-6318.6
2763.1,-6311.4
2753.9,-6304.0
2744.6,-6296.5
2734.4,-6289.6
2725.3,-6282.7
2716.4,-6276.2
2708.5,-6269.1
2701.4,-6261.0
2695.2,-6251.9
2689.8,-6241.4
2684.0,-6229.8
2679.3,-6217.6
2673.4,-6205.5
2667.4,-6193.2
2661.4,-6180.7
2655.5,-6168.5
2648.6,-6156.7
2640.7,-6145.7
2631.7,-6135.4
2622.0,-6126.0
2611.2,-6117.4
2599.5,-6109.6
2586.9,-6102.8
2574.6,-6096.9
2561.4,-6092.0
2549.2,-6086.5
2536.8,-6080.1
2526.0,-6071.7
2514.9,-6061.8
2505.7,-6050.7
2496.4,-6038.9
2486.9,-6026.6
2478.4,-6013.6
2469.8,-6000.0
2464.0,-5984.4
2457.2,-5969.5
2452.6,-5953.5
2447.8,-5937.3
2442.0,-5921.2
2436.0,-5904.6
2430.9,-5887.3
2424.7,-5869.8
2419.4,-5851.6
2413.0,-5833.8
2406.6,-5816.1
2401.4,-5798.0
2395.0,-5780.1
2389.6,-5761.8
2382.0,-5743.8
2376.7,-5725.4
2370.2,-5707.7
2363.9,-5690.0
2358.8,-5672.2
2353.7,-5654.7
2349.6,-5636.9
2345.7,-5619.3
2342.9,-5601.5
2340.1,-5583.7
2337.1,-5565.9
2335.5,-5547.8
2332.7,-5529.8
2329.8,-5512.2
2326.9,-5494.2
2324.2,-5476.6
2321.5,-5459.4
2319.0,-5442.6
2316.6,-5426.4
2313.3,-5410.9
2311.3,-5396.0
2309.6,-5382.2
2307.3,-5370.1
2306.4,-5358.9
2304.7,-5349.1
2304.2,-5339.6
2305.0,-5330.3
2308.2,-5320.8
2311.3,-5311.4
2315.7,-5302.3
2322.6,-5293.6
2332.1,-5285.9
2342.8,-5278.4
2354.7,-5270.5
2366.5,-5262.5
2379.4,-5254.4
2391.2,-5246.3
2417.3,-5229.4
2434.3,-5222.6
2448.0,-5213.0
2461.8,-5203.7
2475.7,-5194.5
2488.1,-5184.4
2499.0,-5173.1
2507.1,-5160.5
2513.5,-5146.0
2516.2,-5130.9
2515.2,-5115.4
2510.3,-5098.7
2500.9,-5082.7
2491.1,-5069.2
2479.3,-5057.0
2465.4,-5046.1
2452.6,-5034.9
2438.8,-5023.6
2424.8,-5012.2
2410.9,-5001.0
2398.1,-4989.6
2385.5,-4978.8
2374.4,-4968.9
2362.6,-4960.6
2352.4,-4953.7
2341.6,-4949.3
2330.5,-4947.4
2321.0,-4946.9
2312.4,-4945.6
2304.2,-4941.9
2299.8,-4934.5
2295.9,-4925.2
2293.8,-4913.8
2292.4,-4901.1
2290.7,-4887.4
2287.6,-4872.5
2285.2,-4856.4
2283.7,-4838.8
2280.8,-4820.9
2278.9,-4802.1
2275.7,-4783.2
2273.5,-4763.1
2270.9,-4742.3
2268.3,-4721.0
2265.4,-4698.7
2263.4,-4675.8
2260.3,-4652.9
2257.2,-4630.1
2252.9,-4607.2
2248.6,-4584.0
2243.0,-4560.9
2236.3,-4537.8
2230.5,-4513.8
2222.5,-4490.5
2215.5,-4466.5
2206.3,-4443.0
2195.9,-4419.8
2185.6,-4396.3
2175.2,-4372.9
2163.6,-4349.4
2150.9,-4326.4
2137.2,-4303.8
2123.4,-4281.1
2108.7,-4259.0
2092.8,-4237.3
2077.0,-4215.9
2061.4,-4194.8
2043.5,-4174.4
2025.8,-4154.6
2006.0,-4135.4
1987.4,-4116.5
1967.9,-4098.5
1947.3,-4081.2
1927.0,-4064.3
1906.7,-4047.9
1885.6,-4032.4
1863.5,-4017.8
1841.5,-4003.7
1819.7,-3990.3
1797.0,-3977.6
1774.5,-3965.7
1751.1,-3954.6
1727.8,-3944.1
1704.7,-3934.2
1681.8,-3925.1
1659.1,-3916.6
1635.4,-3908.6
1612.8,-3900.5
1590.3,-3892.4
1568.8,-3883.9
1546.3,-3876.0
1523.8,-3868.0
1502.3,-3859.3
1480.7,-3850.4
1460.0,-3840.5
1439.1,-3830.1
1418.1,-3819.1
1396.9,-3807.4
1376.7,-3795.0
1357.5,-3782.1
1337.0,-3769.0
1317.6,-3755.3
1299.1,-3740.9
1280.6,-3726.1
1261.9,-3710.8
1244.2,-3695.0
1226.4,-3678.8
1209.6,-3662.0
1193.8,-3644.4
1176.9,-3626.8
1162.0,-3608.3
1145.8,-3589.7
1130.7,-3570.4
1116.5,-3550.4
1102.3,-3530.0
1089.0,-3508.9
1075.7,-3487.4
1063.3,-3465.3
1050.7,-3442.7
1039.2,-3419.5
1028.7,-3395.6
1019.3,-3371.2
1009.6,-3346.5
1001.1,-3321.3
992.6,-3295.8
985.0,-3269.9
977.4,-3243.9
969.7,-3217.6
962.0,-3191.1
954.4,-3164.7
946.7,-3138.3
939.0,-3112.0
931.4,-3085.7
923.7,-3059.2
916.0,-3032.6
908.1,-3005.7
900.2,-2978.5
891.2,-2951.6
883.1,-2924.1
874.1,-2896.8
866.0,-2869.2
856.9,-2841.7
847.6,-2814.3
838.5,-2786.9
828.3,-2759.9
818.1,-2733.2
808.0,-2706.6
796.8,-2680.5
786.8,-2654.3
775.8,-2628.6
763.6,-2603.2
752.6,-2577.8
740.5,-2552.7
728.6,-2527.7
715.4,-2503.2
703.5,-2478.3
690.5,-2454.2
677.5,-2430.0
664.5,-2405.9
651.5,-2381.7
637.4,-2358.0
624.5,-2333.8
611.6,-2310.0
598.8,-2286.1
585.9,-2262.5
574.2,-2238.7
561.6,-2215.6
548.9,-2192.7
536.5,-2170.3
525.3,-2148.1
513.1,-2126.7
501.0,-2105.5
487.0,-2085.6
473.0,-2066.1
458.1,-2047.8
442.3,-2030.4
425.7,-2014.1
410.6,-1998.5
394.6,-1984.6
377.9,-1971.9
362.5,-1959.5
345.1,-1948.6
327.9,-1938.4
312.1,-1928.7
294.2,-1920.3
277.7,-1912.0
260.1,-1904.5
243.8,-1897.1
226.4,-1890.3
209.1,-1883.9
193.0,-1877.2
177.0,-1870.7
162.1,-1864.2
148.5,-1857.7
135.8,-1850.7
123.0,-1843.5
110.3,-1835.9
98.5,-1827.9
85.5,-1819.6
73.5,-1810.7
61.2,-1801.2
49.0,-1791.3
37.7,-1780.8
25.3,-1770.6
13.9,-1759.8
1.3,-1749.3
-10.1,-1738.3
-22.6,-1727.7
-35.0,-1717.5
-46.3,-1706.8
-57.7,-1696.3
-70.1,-1686.1
-80.3,-1675.4
-91.6,-1665.0
-102.8,-1654.7
-112.9,-1644.0
-123.0,-1633.7
-133.2,-1623.2
-143.3,-1612.7
-153.3,-1602.2
-162.3,-1591.7
-172.4,-1581.6
-181.2,-1571.5
-190.0,-1561.6
-198.6,-1552.1
-207.3,-1542.2
-217.1,-1533.0
-225.7,-1523.5
-233.1,-1514.2
-241.6,-1505.3
-250.1,-1496.3
-258.5,-1487.6
-265.8,-1478.5
-274.3,-1469.7
-282.8,-1460.6
-291.5,-1450.9
-300.4,-1440.8
-310.6,-1430.1
-320.8,-1418.9
-332.5,-1407.1
-344.4,-1394.8
-356.4,-1381.6
-368.7,-1368.0
-382.3,-1354.1
-394.7,-1339.4
-408.4,-1324.8
-421.1,-1309.8
-433.8,-1294.6
-447.7,-1279.5
-460.4,-1264.4
-474.0,-1249.9
-485.5,-1234.8
-498.1,-1219.8
-509.5,-1205.0
-521.9,-1190.9
-535.3,-1177.6
-548.3,-1165.1
-561.2,-1153.3
-574.0,-1142.0
-586.5,-1131.3
-598.9,-1121.0
-611.3,-1111.1
-623.5,-1101.6
-635.5,-1092.6
-648.4,-1084.6
-661.2,-1077.1
-673.9,-1070.0
-687.4,-1064.1
-700.8,-1058.4
-714.1,-1053.2
-727.2,-1048.8
-741.1,-1045.5
-754.7,-1043.2
-768.1,-1041.7
-781.3,-1041.0
-791.8,-1040.8
-801.2,-1040.9
-809.2,-1041.5
-817.2,-1042.3
-822.8,-1043.1
-826.2,-1043.6
-828.5,-1043.8
-829.6,-1043.7
-829.7,-1043.6
-829.6,-1043.7
-829.6,-1043.8
-829.5,-1044.1
-829.5,-1044.1
-829.5,-1044.3
-829.4,-1044.5
-828.3,-1044.3
-828.3,-1044.4
-828.2,-1044.6
-828.2,-1044.7
-828.2,-1044.8
-828.1,-1045.0
-828.1,-1045.1
-828.0,-1045.2
-829.1,-1045.6
-829.1,-1045.6
-832.3,-1046.3
-837.9,-1047.3
-843.4,-1048.3
-849.1,-1049.1
-854.6,-1050.1
-861.2,-1051.8
-866.8,-1052.5
-871.8,-1051.5
-876.2,-1048.3
-878.8,-1043.0
-880.9,-1036.3
-880.8,-1028.5
-880.8,-1020.5
-879.6,-1012.3
-878.4,-1004.3
-875.0,-995.9
-872.5,-988.5
-867.7,-980.8
-862.8,-973.0
-857.2,-964.4
-851.4,-956.0
-845.6,-947.6
-841.0,-939.4
-835.5,-930.2
-831.1,-920.9
-827.8,-912.0
-824.5,-903.1
-822.5,-894.1
-821.4,-885.7
-821.3,-877.9
-822.0,-871.6
-822.2,-866.7
-822.2,-862.8
-821.9,-859.7
-821.4,-857.7
-821.4,-857.5
-821.4,-857.6
-821.3,-857.8
-821.3,-857.9
-821.3,-858.0
-821.2,-858.2
-821.2,-858.3
-821.1,-858.6
-821.1,-858.7
-821.0,-858.9
-821.0,-859.0
-820.9,-859.3
-820.9,-859.3
-820.9,-859.4
-820.8,-859.5
-820.8,-859.7
-820.7,-859.8
-820.7,-859.9
-820.7,-859.9
-820.7,-860.0
-820.6,-860.1
-820.6,-860.3
-820.6,-860.3
-820.7,-860.0
-821.0,-858.9
-820.7,-855.9
-820.8,-851.6
-820.9,-847.0
-821.3,-841.8
-822.9,-836.2
-826.7,-831.5
-832.2,-828.4
-838.4,-827.2
-845.5,-826.8
-853.6,-827.2
-862.8,-827.7
-870.9,-827.9
-880.3,-828.4
-888.3,-828.4
-897.6,-829.2
-905.5,-829.8
-914.6,-831.1
-923.6,-832.7
-932.3,-834.8
-939.8,-837.1
-949.4,-840.5
-956.7,-843.7
-964.0,-846.9
-970.1,-849.9
-975.3,-852.1
-979.7,-852.9
-983.5,-851.8
-985.4,-849.1
-984.3,-845.1
-980.8,-841.2
-976.0,-837.4
-969.2,-832.8
-962.2,-828.6
-954.0,-824.6
-943.4,-820.3
-931.9,-815.8
-919.3,-810.5
-907.7,-805.7
-896.0,-801.3
-884.3,-797.0
-871.6,-792.1
-861.5,-786.7
-850.6,-779.7
-841.1,-771.7
-829.4,-763.4
-814.9,-756.4
-801.4,-750.2
-787.9,-743.9
-775.5,-738.0
-761.9,-731.9
-749.5,-725.7
-737.2,-719.6
-723.8,-713.2
-711.4,-707.0
-699.2,-700.6
-686.0,-693.2
-675.1,-686.2
-662.0,-678.5
-651.1,-671.4
-639.2,-663.9
-627.3,-656.0
-617.7,-648.6
-608.2,-641.0
-601.8,-634.7
-596.3,-629.4
-591.7,-625.2
-589.0,-622.4
-586.2,-620.1
-584.4,-617.9
-580.7,-614.5
-576.2,-610.1
-571.7,-605.5
-566.1,-600.6
-559.4,-595.3
-552.8,-590.0
-546.1,-584.7
-537.2,-578.9
-527.2,-572.9
-517.2,-566.8
-506.2,-560.0
-495.3,-553.2
-483.2,-546.3
-472.3,-539.2
-460.3,-531.9
-447.2,-524.3
-434.0,-516.7
-420.8,-509.5
-407.6,-502.4
-394.2,-495.4
-380.8,-488.9
-367.1,-483.1
-353.5,-477.6
-339.8,-472.0
-325.1,-465.6
-311.6,-459.1
-297.4,-451.6
-284.2,-443.8
-270.2,-435.4
-256.1,-426.9
-243.2,-418.6
-230.3,-410.2
-218.5,-402.0
-205.8,-393.2
-193.0,-384.4
-180.2,-375.7
-167.4,-366.8
-154.6,-358.2
-141.9,-349.5
-128.9,-341.0
-117.1,-333.2
-103.9,-325.8
-90.5,-319.1
-75.8,-313.2
-60.6,-308.4
-45.5,-303.7
-30.3,-299.0
-16.3,-294.5
-1.1,-289.8
12.9,-285.4
28.0,-280.8
41.0,-276.6
55.0,-272.2
67.9,-267.8
79.6,-263.5
90.1,-259.4
99.5,-255.6
106.9,-252.5
113.1,-249.9
119.3,-246.8
122.8,-242.7
123.6,-237.7
122.0,-232.0
118.9,-225.6
115.5,-217.9
110.7,-209.4
106.7,-199.5
102.6,-189.5
98.4,-179.1
93.9,-167.7
89.2,-155.5
84.2,-142.5
78.0,-129.1
71.6,-115.4
66.4,-101.3
61.0,-86.8
55.5,-72.1
49.1,-58.1
