x,y
0.0,0.0
0.0,0.0
0.0,0.0
0.2,0.0
0.6,1.0
0.7,0.9
0.7,0.9
0.8,0.9
0.8,0.9
0.8,0.9
0.7,0.9
0.7,0.9
-7.0,-7.9
-8.5,-9.7
-9.1,-10.6
-9.1,-10.6
-9.6,-11.6
-9.7,-11.6
-9.6,-11.6
-9.6,-11.6
-9.6,-11.6
-9.7,-11.6
-10.0,-12.7
-10.3,-13.7
-10.2,-13.8
-10.2,-13.8
-10.2,-13.8
-10.2,-13.8
-10.2,-13.8
-10.2,-13.8
-9.8,-14.0
-9.6,-14.1
-9.3,-14.2
-9.0,-14.3
-9.0,-14.4
-8.8,-14.5
-8.2,-13.5
-8.1,-13.5
-8.0,-13.6
-8.0,-13.6
-7.8,-13.7
-7.8,-13.7
-7.7,-13.7
-7.7,-13.7
-7.6,-13.8
-7.1,-12.7
-7.1,-12.7
-7.1,-12.8
-7.1,-12.8
-7.1,-12.8
-7.1,-12.8
-7.1,-12.8
-7.1,-12.8
-7.1,-12.8
-7.1,-12.8
-7.1,-12.8
-7.1,-12.8
-7.0,-12.8
-6.9,-12.9
-7.2,-13.9
-7.1,-14.0
-7.6,-15.0
-7.5,-15.0
-7.5,-15.0
-7.8,-16.1
-7.7,-16.2
-8.0,-17.2
-8.3,-18.3
-8.2,-18.4
-8.5,-19.4
-8.5,-19.5
-8.3,-19.6
-8.7,-20.7
-8.6,-20.7
-8.4,-20.8
-8.1,-21.0
-8.1,-21.0
-8.4,-20.8
-8.5,-20.8
-8.5,-20.8
-7.6,-20.0
-6.3,-20.5
-3.8,-20.5
-1.0,-21.7
2.9,-23.5
7.6,-24.4
12.8,-25.5
18.1,-27.9
23.8,-30.4
30.2,-32.2
36.9,-34.0
43.3,-36.8
49.3,-39.5
55.5,-42.4
61.8,-45.3
68.4,-48.2
74.4,-52.2
80.2,-56.0
85.1,-62.0
89.6,-68.9
94.1,-74.6
97.6,-81.2
101.0,-87.6
104.9,-93.1
108.4,-99.7
112.3,-106.3
115.9,-114.1
119.7,-120.8
122.8,-127.2
125.7,-133.4
129.4,-138.8
132.6,-146.4
137.3,-152.2
141.1,-160.1
145.4,-167.0
149.5,-173.8
153.2,-180.5
156.9,-188.2
160.3,-196.0
164.0,-202.6
167.8,-209.3
171.3,-215.8
174.7,-222.2
178.4,-227.7
181.4,-232.7
183.4,-236.1
183.7,-238.7
183.8,-238.8
183.7,-238.8
183.5,-238.7
183.4,-238.6
183.5,-238.7
183.4,-239.8
181.8,-242.8
178.4,-246.1
174.0,-247.8
167.6,-251.1
160.2,-255.1
152.1,-258.9
143.4,-263.6
133.9,-269.2
124.4,-274.9
114.2,-282.6
104.3,-289.3
94.2,-297.0
83.9,-306.1
73.8,-315.1
64.1,-325.6
55.3,-335.3
47.4,-345.4
41.1,-353.6
36.4,-361.4
33.6,-367.6
33.7,-367.6
34.3,-366.7
34.2,-366.6
33.8,-367.7
33.3,-371.1
32.4,-374.3
29.8,-378.1
26.8,-381.7
22.1,-386.9
17.1,-393.3
12.9,-401.3
8.8,-409.3
4.6,-417.3
0.6,-426.6
-3.4,-434.7
-8.3,-444.9
-14.0,-455.9
-19.7,-465.8
-25.1,-475.7
-31.0,-486.6
-36.4,-496.6
-41.9,-506.5
-47.6,-517.5
-52.9,-527.5
-58.2,-537.5
-63.0,-546.4
-67.0,-553.3
-70.4,-559.1
-73.9,-563.7
-76.8,-566.1
-80.5,-569.3
-84.9,-572.3
-89.5,-576.3
-93.1,-580.9
-93.0,-585.8
-91.2,-591.6
-85.8,-595.3
-79.1,-599.5
-72.6,-605.0
-66.3,-611.5
-60.2,-618.0
-54.8,-625.4
-49.2,-632.8
-44.6,-642.4
-39.6,-652.1
-34.8,-662.9
-29.3,-674.0
-24.2,-686.3
-18.5,-697.6
-13.0,-710.0
-7.2,-722.5
-1.3,-735.1
4.6,-747.9
10.8,-760.6
16.9,-773.3
23.1,-786.0
29.3,-798.7
35.6,-811.5
41.9,-824.3
48.0,-838.2
54.7,-851.2
60.9,-865.2
67.2,-879.2
73.9,-892.3
80.0,-906.2
86.4,-920.3
93.0,-933.2
100.0,-946.3
106.4,-960.4
113.3,-973.5
119.5,-987.6
126.4,-1000.5
133.0,-1014.6
139.3,-1028.8
146.1,-1041.8
152.4,-1055.9
158.9,-1069.9
165.4,-1084.1
172.2,-1097.1
178.9,-1110.0
185.3,-1124.2
192.0,-1137.2
198.6,-1150.1
205.1,-1163.0
211.6,-1175.9
218.3,-1188.8
224.5,-1202.9
231.3,-1215.9
237.8,-1230.0
244.9,-1243.1
251.5,-1257.4
258.2,-1271.5
265.6,-1284.9
273.2,-1298.2
280.8,-1311.6
289.1,-1324.1
297.5,-1336.6
306.3,-1349.3
314.6,-1363.0
323.4,-1375.7
332.1,-1388.4
340.9,-1401.1
349.6,-1413.7
358.4,-1425.1
366.2,-1437.3
373.8,-1449.5
380.8,-1461.3
387.0,-1474.1
392.9,-1486.7
398.4,-1499.1
403.8,-1511.5
408.6,-1523.6
413.1,-1534.3
417.7,-1541.3
420.7,-1547.6
422.7,-1552.3
424.1,-1554.1
424.6,-1554.3
424.0,-1555.3
423.7,-1555.1
423.2,-1554.9
422.7,-1554.7
422.4,-1554.6
421.9,-1555.5
422.3,-1555.7
422.8,-1558.4
422.4,-1563.1
421.3,-1568.8
419.0,-1575.1
416.0,-1582.4
412.7,-1590.8
409.8,-1600.6
407.4,-1611.9
406.9,-1622.9
407.3,-1635.5
409.7,-1647.7
413.5,-1659.3
420.4,-1671.1
427.2,-1685.4
432.7,-1695.3
442.9,-1708.7
452.2,-1716.6
463.8,-1720.6
474.6,-1725.6
485.7,-1729.3
494.9,-1735.9
503.1,-1742.2
509.0,-1751.0
513.0,-1761.5
514.5,-1772.0
515.3,-1783.6
515.1,-1795.9
513.7,-1810.1
510.7,-1825.0
507.0,-1840.7
503.4,-1855.2
499.1,-1870.6
494.4,-1886.0
489.5,-1901.2
485.5,-1915.4
480.4,-1930.6
475.5,-1944.5
470.6,-1958.5
466.1,-1972.5
461.7,-1986.8
457.9,-2001.2
454.6,-2015.8
452.0,-2030.8
449.7,-2046.0
449.0,-2059.3
447.9,-2073.6
448.0,-2086.1
448.4,-2098.7
448.9,-2111.3
450.0,-2121.7
450.4,-2133.0
450.9,-2143.1
451.5,-2152.1
451.9,-2159.6
451.9,-2165.9
451.7,-2170.7
452.0,-2173.2
451.9,-2175.7
452.2,-2175.9
452.0,-2177.0
452.1,-2177.0
452.0,-2177.0
451.9,-2176.9
451.8,-2176.9
451.7,-2176.9
451.7,-2176.8
451.5,-2176.8
451.4,-2176.7
451.3,-2176.7
451.1,-2176.6
451.0,-2176.5
450.8,-2176.5
450.7,-2176.4
450.6,-2176.4
450.5,-2176.3
450.5,-2176.3
450.5,-2176.3
450.5,-2176.3
450.3,-2177.4
450.5,-2178.7
450.9,-2181.4
450.6,-2186.1
451.2,-2190.1
451.7,-2195.3
453.5,-2200.9
456.7,-2206.1
462.6,-2210.0
471.7,-2211.7
481.4,-2213.6
495.3,-2212.5
507.7,-2211.9
520.2,-2211.3
533.5,-2211.1
547.8,-2210.1
561.3,-2210.1
575.1,-2210.1
589.7,-2209.3
603.6,-2209.4
617.9,-2208.4
632.6,-2207.6
647.5,-2206.9
662.3,-2206.2
677.5,-2205.5
692.7,-2204.9
707.2,-2205.3
722.0,-2204.6
736.5,-2204.9
751.4,-2204.2
766.5,-2203.6
781.5,-2203.0
796.2,-2203.4
811.5,-2202.9
826.8,-2202.4
841.6,-2202.8
857.3,-2201.3
872.2,-2201.8
887.3,-2201.2
901.9,-2201.6
916.7,-2200.8
930.8,-2201.0
944.2,-2200.9
957.0,-2200.5
969.3,-2199.7
980.5,-2198.7
990.0,-2198.0
998.5,-2196.9
1005.9,-2196.6
1013.2,-2196.2
1019.8,-2195.5
1024.3,-2195.1
1027.1,-2195.2
1028.8,-2195.9
1031.0,-2194.4
1032.6,-2192.7
1033.7,-2188.2
1033.6,-2182.1
1032.8,-2175.5
1032.6,-2166.8
1031.8,-2159.0
1031.5,-2150.2
1031.6,-2140.4
1031.4,-2131.7
1030.9,-2122.8
1031.0,-2113.0
1030.5,-2104.0
1030.4,-2094.1
1030.1,-2084.1
1029.9,-2074.1
1029.5,-2064.0
1029.4,-2054.1
1028.9,-2045.3
1028.8,-2035.3
1028.5,-2026.6
1028.5,-2017.8
1028.2,-2010.4
1028.3,-2004.2
1028.8,-1998.3
1028.9,-1994.6
1029.0,-1992.2
1028.8,-1990.9
1028.4,-1989.5
1027.4,-1987.8
1025.4,-1985.7
1021.4,-1983.9
1016.0,-1982.7
1011.1,-1981.6
1006.3,-1982.0
1003.1,-1981.8
1001.3,-1982.2
1000.5,-1981.8
1000.1,-1981.7
1000.0,-1982.8
999.3,-1982.5
999.4,-1982.5
999.1,-1982.4
996.5,-1982.5
992.1,-1980.4
986.6,-1980.4
980.9,-1980.2
974.3,-1979.7
966.6,-1980.0
958.5,-1978.7
949.5,-1978.4
940.2,-1977.9
930.9,-1977.4
920.8,-1976.6
911.7,-1976.2
902.6,-1977.0
893.5,-1977.8
885.0,-1977.6
877.9,-1978.1
871.5,-1978.9
866.5,-1980.3
863.5,-1981.4
861.4,-1982.9
859.5,-1983.3
856.2,-1985.5
852.4,-1988.7
848.5,-1990.6
843.5,-1993.2
837.0,-1996.5
830.1,-1999.6
822.7,-2002.4
814.7,-2007.4
807.2,-2011.4
799.9,-2015.5
792.9,-2018.5
786.4,-2021.7
780.4,-2025.2
774.8,-2027.6
769.3,-2028.7
763.9,-2027.6
758.7,-2025.2
754.2,-2020.7
749.5,-2014.9
744.8,-2009.0
740.4,-2002.1
735.6,-1996.3
731.7,-1989.6
727.7,-1984.0
723.6,-1979.7
719.7,-1975.5
714.7,-1973.2
709.7,-1972.1
705.6,-1972.8
701.6,-1975.9
696.1,-1980.8
690.2,-1986.8
684.0,-1991.3
678.1,-1996.1
671.7,-2000.6
665.3,-2006.4
659.2,-2012.3
653.9,-2017.2
648.4,-2022.2
643.1,-2027.1
638.0,-2032.3
635.0,-2035.8
633.1,-2039.8
632.4,-2044.5
632.7,-2048.3
633.5,-2052.3
635.3,-2055.7
637.6,-2060.4
640.6,-2065.5
644.6,-2069.7
648.2,-2075.0
652.1,-2079.3
656.0,-2083.5
659.6,-2087.6
662.8,-2090.3
664.8,-2093.7
666.2,-2096.7
667.2,-2098.4
668.2,-2098.8
668.4,-2098.9
668.4,-2098.9
668.3,-2098.9
668.2,-2098.8
668.6,-2097.8
668.6,-2097.8
668.6,-2097.8
668.9,-2096.7
668.7,-2096.6
669.1,-2095.6
669.0,-2095.5
669.4,-2094.5
669.4,-2094.5
669.7,-2093.4
669.6,-2093.4
669.5,-2093.3
670.0,-2092.3
670.0,-2092.3
669.9,-2092.3
669.9,-2092.3
670.4,-2091.3
670.4,-2091.3
670.0,-2092.3
670.1,-2092.3
670.1,-2092.3
670.2,-2092.4
670.3,-2092.4
670.4,-2092.5
670.5,-2092.5
670.6,-2092.6
670.3,-2093.7
670.4,-2093.7
670.5,-2093.8
670.6,-2093.8
670.7,-2093.8
670.8,-2093.9
670.5,-2095.0
670.7,-2095.0
670.3,-2096.1
670.4,-2096.1
670.4,-2096.1
670.5,-2096.2
670.5,-2096.2
670.6,-2096.2
670.6,-2096.2
670.6,-2096.2
670.7,-2096.3
670.7,-2096.3
670.3,-2097.3
670.3,-2097.3
670.4,-2097.4
670.4,-2097.4
670.5,-2097.4
670.0,-2098.4
670.0,-2098.4
670.0,-2098.4
670.0,-2098.4
670.0,-2098.4
670.0,-2098.4
670.0,-2098.4
670.0,-2098.4
670.0,-2098.4
670.0,-2098.4
670.0,-2098.4
670.0,-2098.4
670.0,-2098.4
670.0,-2098.4
670.2,-2098.5
670.2,-2098.5
670.3,-2098.5
669.8,-2099.5
669.8,-2099.5
669.8,-2099.5
669.8,-2099.5
669.8,-2099.5
669.9,-2099.6
669.9,-2099.6
669.9,-2099.6
670.0,-2099.6
670.0,-2099.6
670.1,-2099.7
670.1,-2099.7
670.1,-2099.7
670.1,-2099.7
669.6,-2100.7
669.7,-2100.7
669.7,-2100.7
669.7,-2100.7
669.8,-2100.8
669.8,-2100.8
669.5,-2101.8
669.5,-2101.8
669.5,-2101.8
669.5,-2101.8
669.7,-2101.9
669.7,-2101.9
669.7,-2101.9
669.3,-2103.0
669.4,-2103.0
669.5,-2103.0
669.5,-2103.0
669.6,-2103.1
669.6,-2103.1
669.6,-2103.1
669.6,-2103.1
669.7,-2103.1
669.2,-2104.3
669.2,-2104.3
669.3,-2104.3
669.3,-2104.3
669.3,-2104.3
668.9,-2105.3
668.9,-2105.3
669.0,-2105.4
669.0,-2105.4
669.0,-2105.4
669.0,-2105.4
669.0,-2105.4
669.0,-2105.4
669.0,-2105.4
669.0,-2105.4
669.0,-2105.4
669.0,-2105.4
669.0,-2105.4
669.0,-2105.4
669.0,-2105.4
669.0,-2105.4
669.0,-2105.4
669.0,-2105.4
669.0,-2105.4
669.0,-2105.4
668.6,-2106.4
668.6,-2106.4
668.6,-2106.4
668.6,-2106.4
668.6,-2106.4
668.5,-2106.4
668.5,-2106.4
668.5,-2106.4
668.4,-2106.3
668.7,-2105.3
668.7,-2105.2
668.7,-2105.2
668.6,-2105.2
668.4,-2105.1
668.4,-2105.1
668.4,-2105.1
668.4,-2105.1
668.3,-2105.1
668.2,-2105.0
668.2,-2105.0
668.6,-2103.9
668.6,-2103.9
668.6,-2103.9
668.6,-2103.9
668.4,-2103.9
668.4,-2103.9
668.4,-2103.9
668.3,-2103.9
668.3,-2103.9
668.3,-2103.9
668.3,-2103.9
668.3,-2103.9
668.3,-2103.9
668.3,-2103.9
668.3,-2103.7
668.7,-2102.7
668.7,-2102.7
668.6,-2102.7
668.7,-2102.7
668.7,-2102.7
668.6,-2102.7
668.6,-2102.7
668.6,-2102.7
668.6,-2102.7
668.6,-2102.7
668.6,-2102.7
668.6,-2102.7
668.6,-2102.7
668.6,-2102.7
668.3,-2103.7
668.3,-2103.9
667.9,-2104.9
667.9,-2104.9
667.9,-2104.9
668.0,-2104.9
667.5,-2105.9
667.5,-2105.9
667.6,-2106.0
667.2,-2107.0
667.2,-2107.0
667.2,-2107.0
667.2,-2107.0
667.4,-2107.1
666.9,-2108.1
666.9,-2108.1
667.0,-2108.1
667.0,-2108.1
667.0,-2108.1
666.6,-2109.1
666.6,-2109.2
666.6,-2109.2
666.6,-2109.2
666.7,-2109.2
666.3,-2110.2
666.4,-2110.3
666.4,-2110.3
666.4,-2110.3
666.4,-2110.3
666.6,-2110.4
666.6,-2110.4
666.7,-2110.4
666.7,-2110.4
666.7,-2110.5
666.3,-2111.5
666.4,-2111.5
666.4,-2111.5
666.5,-2111.6
666.5,-2111.6
666.5,-2111.6
666.5,-2111.6
666.5,-2111.6
666.0,-2112.6
666.0,-2112.6
666.0,-2112.6
666.0,-2112.6
666.0,-2112.6
666.0,-2112.6
666.0,-2112.6
666.0,-2112.6
666.0,-2112.6
666.0,-2112.6
666.2,-2112.7
666.2,-2112.7
666.2,-2112.7
666.2,-2112.7
666.2,-2112.7
666.2,-2112.7
666.2,-2112.7
666.2,-2112.7
666.2,-2112.7
666.4,-2112.7
666.4,-2112.7
666.4,-2112.7
666.4,-2112.7
666.4,-2112.7
666.4,-2112.7
665.8,-2113.7
665.8,-2113.7
665.8,-2113.7
665.8,-2113.8
665.8,-2113.8
665.8,-2113.8
666.0,-2113.8
666.0,-2113.8
665.8,-2113.8
666.0,-2113.8
666.0,-2113.8
666.0,-2113.8
666.0,-2113.8
666.0,-2113.8
666.0,-2113.8
666.0,-2113.8
666.5,-2112.8
666.5,-2112.8
666.6,-2112.9
666.6,-2112.9
666.6,-2112.9
666.6,-2112.9
666.6,-2112.9
666.6,-2112.9
666.6,-2112.9
666.6,-2112.9
666.8,-2112.9
666.8,-2112.9
666.8,-2112.9
666.8,-2112.9
666.8,-2112.9
666.8,-2112.9
666.8,-2112.9
666.8,-2112.9
666.8,-2112.9
666.8,-2112.9
666.8,-2112.9
666.8,-2112.9
666.8,-2112.9
666.8,-2112.9
666.8,-2112.9
666.8,-2112.9
666.8,-2112.9
666.8,-2112.9
666.8,-2112.9
666.8,-2112.9
666.8,-2112.9
666.8,-2112.9
666.6,-2112.9
666.6,-2112.9
666.6,-2112.9
666.6,-2112.9
666.5,-2112.8
666.5,-2112.8
666.4,-2112.8
666.4,-2112.8
666.4,-2112.8
666.4,-2112.8
666.4,-2112.8
666.4,-2112.8
666.4,-2112.8
666.4,-2112.8
666.4,-2112.8
666.1,-2112.7
666.0,-2112.6
666.5,-2111.6
666.4,-2111.5
666.3,-2111.5
666.7,-2110.4
666.6,-2110.4
666.6,-2110.4
666.4,-2110.3
666.4,-2110.3
666.4,-2110.3
666.4,-2110.3
666.4,-2110.3
666.7,-2109.2
666.7,-2109.2
666.6,-2109.2
666.6,-2109.2
666.6,-2109.2
666.7,-2109.2
667.4,-2109.6
668.2,-2111.1
669.4,-2111.7
670.2,-2113.2
670.8,-2113.5
671.1,-2113.6
671.2,-2113.7
671.1,-2113.6
671.4,-2112.6
671.4,-2112.6
671.4,-2112.6
671.4,-2112.6
671.2,-2112.5
671.1,-2112.4
671.1,-2112.4
671.6,-2111.4
671.5,-2111.4
671.5,-2111.4
671.5,-2111.4
671.4,-2111.4
671.4,-2111.4
671.3,-2111.3
671.8,-2110.3
671.8,-2110.3
671.9,-2110.3
671.9,-2110.3
671.8,-2110.3
671.8,-2110.3
671.8,-2110.3
671.8,-2110.3
671.9,-2110.3
671.9,-2110.3
672.3,-2109.3
672.3,-2109.3
672.3,-2109.3
672.4,-2109.4
672.4,-2109.4
672.4,-2109.4
672.3,-2109.3
672.3,-2109.3
672.3,-2109.3
672.3,-2109.3
672.3,-2109.3
672.3,-2109.3
672.3,-2109.3
672.3,-2109.3
672.2,-2109.3
672.3,-2109.3
672.3,-2109.3
672.3,-2109.3
672.3,-2109.3
672.3,-2109.3
672.2,-2109.3
672.2,-2109.3
672.3,-2109.3
672.3,-2109.3
672.3,-2109.3
672.3,-2109.3
672.3,-2109.3
672.3,-2109.3
672.4,-2109.4
672.4,-2109.4
672.4,-2109.4
672.4,-2109.4
672.4,-2109.4
672.4,-2109.4
672.4,-2109.4
672.4,-2109.4
672.4,-2109.4
672.5,-2109.4
672.5,-2109.4
672.6,-2109.5
672.6,-2109.5
672.7,-2109.5
672.7,-2109.5
672.7,-2109.5
672.7,-2109.5
672.7,-2109.5
672.7,-2109.5
672.8,-2109.5
672.8,-2109.5
672.8,-2109.5
672.8,-2109.5
672.8,-2109.5
672.8,-2109.5
672.9,-2109.6
672.9,-2109.6
672.8,-2109.5
672.8,-2109.5
672.8,-2109.5
672.8,-2109.5
672.8,-2109.5
672.9,-2109.6
672.9,-2109.6
673.0,-2109.6
673.0,-2109.6
672.5,-2110.6
672.5,-2110.6
672.6,-2110.7
672.6,-2110.7
672.6,-2110.7
672.6,-2110.7
672.6,-2110.7
672.6,-2110.7
672.6,-2110.7
672.7,-2110.7
672.7,-2110.7
672.7,-2110.7
672.7,-2110.7
673.2,-2109.7
673.2,-2109.7
673.2,-2109.7
673.3,-2109.8
673.3,-2109.8
673.3,-2109.8
673.4,-2109.8
673.4,-2109.8
673.4,-2109.8
673.4,-2109.8
673.4,-2109.8
673.5,-2109.9
673.5,-2109.9
673.5,-2109.9
673.5,-2109.9
673.5,-2109.9
673.5,-2109.9
673.6,-2109.9
673.6,-2109.9
673.6,-2109.9
673.6,-2109.9
673.7,-2109.9
673.7,-2109.9
673.7,-2109.9
673.8,-2110.0
673.8,-2110.0
673.8,-2110.0
673.9,-2110.0
673.9,-2110.0
674.0,-2110.1
674.0,-2110.1
673.9,-2110.0
673.9,-2110.0
674.0,-2110.1
674.0,-2110.1
674.0,-2110.1
674.1,-2110.1
674.1,-2110.1
674.1,-2110.1
674.1,-2110.1
674.1,-2110.1
674.1,-2110.1
674.1,-2110.1
674.1,-2110.1
674.1,-2110.1
674.1,-2110.1
674.1,-2110.1
674.2,-2110.2
674.2,-2110.2
674.2,-2110.2
674.3,-2110.2
674.3,-2110.2
674.3,-2110.2
674.3,-2110.2
674.3,-2110.2
674.3,-2110.2
674.4,-2110.3
674.3,-2110.2
674.3,-2110.2
674.3,-2110.2
674.3,-2110.2
674.2,-2110.2
674.2,-2110.2
674.2,-2110.2
674.2,-2110.2
674.2,-2110.2
674.2,-2110.2
674.2,-2110.2
674.2,-2110.2
674.2,-2110.2
674.2,-2110.2
674.2,-2110.2
674.2,-2110.2
674.2,-2110.2
674.3,-2110.2
674.3,-2110.2
674.3,-2110.2
674.3,-2110.2
674.4,-2110.3
674.4,-2110.3
674.4,-2110.3
674.4,-2110.3
674.4,-2110.3
674.4,-2110.3
674.4,-2110.3
674.4,-2110.3
674.4,-2110.3
674.4,-2110.3
674.4,-2110.3
674.4,-2110.3
674.4,-2110.3
674.4,-2110.3
674.6,-2110.3
674.6,-2110.3
674.6,-2110.3
674.6,-2110.3
674.6,-2110.3
674.6,-2110.3
674.7,-2110.4
674.7,-2110.4
674.7,-2110.4
674.7,-2110.4
674.8,-2110.4
674.9,-2110.5
674.9,-2110.5
674.9,-2110.5
675.0,-2110.5
675.0,-2110.5
675.0,-2110.6
675.0,-2110.6
675.0,-2110.6
675.0,-2110.6
675.0,-2110.6
675.0,-2110.6
675.0,-2110.6
675.0,-2110.6
675.0,-2110.6
675.0,-2110.6
675.0,-2110.6
675.0,-2110.6
675.0,-2110.6
675.0,-2110.5
675.0,-2110.5
675.0,-2110.5
675.0,-2110.5
675.0,-2110.5
675.0,-2110.5
675.0,-2110.5
675.0,-2110.5
675.0,-2110.5
675.0,-2110.5
675.0,-2110.5
675.0,-2110.5
675.0,-2110.6
675.0,-2110.6
675.5,-2109.5
675.5,-2109.5
675.5,-2109.5
675.6,-2109.6
675.6,-2109.6
675.6,-2109.6
675.6,-2109.6
675.7,-2109.6
675.7,-2109.6
675.7,-2109.6
675.7,-2109.6
675.8,-2109.7
675.8,-2109.7
675.8,-2109.7
675.9,-2109.7
675.7,-2109.6
675.6,-2109.6
675.4,-2109.5
675.3,-2109.4
675.2,-2109.4
674.7,-2110.4
674.6,-2110.3
674.4,-2110.3
674.3,-2110.2
674.2,-2110.2
674.1,-2110.1
674.0,-2110.1
674.0,-2110.1
674.0,-2110.1
673.9,-2110.0
673.9,-2110.0
673.9,-2110.0
673.9,-2110.0
673.9,-2110.0
673.9,-2110.0
674.0,-2110.1
674.0,-2110.1
674.1,-2110.1
674.1,-2110.1
674.2,-2110.2
674.2,-2110.2
674.3,-2110.2
674.4,-2110.3
674.4,-2110.3
674.4,-2110.3
674.4,-2110.3
674.4,-2110.3
674.3,-2110.2
674.2,-2110.2
674.2,-2110.2
674.2,-2110.2
674.1,-2110.1
674.1,-2110.1
674.2,-2110.2
674.2,-2110.2
674.2,-2110.2
674.2,-2110.2
674.3,-2110.2
674.3,-2110.2
674.3,-2110.2
674.3,-2110.2
674.3,-2110.2
674.4,-2110.3
674.4,-2110.3
674.4,-2110.3
674.4,-2110.3
674.3,-2110.2
674.3,-2110.2
674.3,-2110.2
674.7,-2109.2
674.7,-2109.2
674.7,-2109.2
674.7,-2109.2
674.7,-2109.2
674.7,-2109.2
674.7,-2109.2
674.7,-2109.2
674.7,-2109.2
674.7,-2109.2
674.7,-2109.2
674.7,-2109.2
674.7,-2109.2
674.8,-2109.2
674.9,-2109.3
674.9,-2109.3
675.0,-2109.3
675.1,-2109.4
675.6,-2108.4
675.7,-2108.4
675.7,-2108.4
675.8,-2108.4
675.8,-2108.4
675.9,-2108.5
675.9,-2108.5
675.9,-2108.5
675.9,-2108.5
675.9,-2108.5
676.1,-2108.6
676.1,-2108.6
676.2,-2108.6
676.2,-2108.6
676.2,-2108.6
676.3,-2108.7
676.3,-2108.7
676.4,-2108.7
676.4,-2108.7
676.4,-2108.7
676.5,-2108.8
676.5,-2108.8
676.9,-2107.8
676.9,-2107.8
677.1,-2107.8
677.1,-2107.8
677.1,-2107.8
677.1,-2107.8
677.1,-2107.8
677.1,-2107.8
677.1,-2107.8
677.1,-2107.8
677.1,-2107.8
677.1,-2107.8
677.1,-2107.8
677.1,-2107.8
677.1,-2107.8
677.1,-2107.8
677.1,-2107.8
677.1,-2107.8
677.1,-2107.8
677.1,-2107.8
677.1,-2107.8
677.1,-2107.8
677.1,-2107.8
677.1,-2107.8
677.1,-2107.8
677.1,-2107.8
677.1,-2107.8
677.1,-2107.8
677.1,-2107.8
677.1,-2107.8
677.1,-2107.8
677.1,-2107.8
677.1,-2107.8
677.1,-2107.8
677.1,-2107.8
677.1,-2107.8
677.1,-2107.8
677.1,-2107.8
677.1,-2107.8
677.1,-2107.8
677.1,-2107.8
677.1,-2107.8
677.1,-2107.8
677.1,-2107.8
677.1,-2107.8
677.1,-2107.8
677.1,-2107.8
677.1,-2107.8
677.1,-2107.8
677.1,-2107.8
677.1,-2107.8
677.1,-2107.8
677.6,-2106.8
677.6,-2106.8
677.6,-2106.8
677.6,-2106.8
677.6,-2106.8
677.6,-2106.8
677.7,-2106.9
677.7,-2106.9
677.7,-2106.9
677.7,-2106.9
677.7,-2106.9
677.7,-2106.9
677.7,-2106.9
677.7,-2106.9
677.7,-2106.9
677.7,-2106.9
677.7,-2106.9
677.7,-2106.9
677.7,-2106.9
677.7,-2106.9
677.6,-2106.8
677.6,-2106.8
677.6,-2106.8
677.6,-2106.8
677.6,-2106.8
677.6,-2106.8
677.6,-2106.8
677.6,-2106.8
677.5,-2106.8
677.5,-2106.8
677.5,-2106.8
677.5,-2106.8
677.5,-2106.8
677.5,-2106.8
677.5,-2106.8
677.4,-2106.7
677.4,-2106.7
677.4,-2106.7
677.4,-2106.7
677.3,-2106.7
677.3,-2106.7
677.3,-2106.7
677.3,-2106.7
677.3,-2106.7
677.2,-2106.6
677.2,-2106.6
677.2,-2106.6
677.2,-2106.6
677.1,-2106.6
677.1,-2106.6
677.1,-2106.6
677.1,-2106.6
677.1,-2106.6
677.0,-2106.6
677.0,-2106.6
677.0,-2106.6
677.0,-2106.6
676.9,-2106.5
676.9,-2106.5
676.9,-2106.5
676.9,-2106.5
676.9,-2106.5
676.8,-2106.5
676.8,-2106.5
676.8,-2106.5
676.7,-2106.4
676.7,-2106.4
676.6,-2106.4
676.5,-2106.3
676.5,-2106.3
676.4,-2106.3
676.3,-2106.2
676.3,-2106.2
676.2,-2106.2
676.1,-2106.1
676.0,-2106.1
676.0,-2106.1
675.5,-2107.1
675.4,-2107.0
675.4,-2107.0
675.3,-2107.0
675.3,-2107.0
675.2,-2106.9
675.1,-2106.9
675.1,-2106.9
675.0,-2106.9
675.0,-2106.9
674.5,-2107.9
674.5,-2107.9
674.4,-2107.8
674.4,-2107.8
674.3,-2107.8
674.3,-2107.8
674.3,-2107.8
674.3,-2107.8
674.2,-2107.7
674.2,-2107.7
674.2,-2107.7
674.1,-2107.7
674.1,-2107.7
674.1,-2107.7
674.1,-2107.7
674.1,-2107.7
674.1,-2107.7
674.0,-2107.6
674.0,-2107.6
673.8,-2107.6
673.4,-2108.6
673.4,-2108.6
673.3,-2108.5
673.3,-2108.5
673.3,-2108.5
673.2,-2108.5
673.1,-2108.4
673.1,-2108.4
673.0,-2108.4
673.0,-2108.4
672.9,-2108.4
672.8,-2108.3
672.8,-2108.3
672.7,-2108.3
672.1,-2109.2
672.1,-2109.2
672.0,-2109.2
672.0,-2109.2
672.0,-2109.2
671.9,-2109.1
671.7,-2109.1
671.7,-2109.1
671.6,-2109.0
671.6,-2109.0
671.6,-2109.0
671.6,-2109.0
671.6,-2109.0
671.5,-2108.9
671.3,-2108.9
671.3,-2108.9
671.3,-2108.9
671.2,-2108.8
671.1,-2108.7
670.5,-2109.7
670.4,-2109.7
670.4,-2109.7
670.4,-2109.6
670.2,-2109.6
670.2,-2109.6
670.1,-2109.5
670.0,-2109.5
670.0,-2109.5
669.9,-2109.5
669.9,-2109.5
669.8,-2109.4
669.7,-2109.4
669.7,-2109.4
669.7,-2109.3
669.2,-2110.3
669.1,-2110.3
669.0,-2110.2
669.0,-2110.2
668.9,-2110.2
668.8,-2110.2
668.7,-2110.1
668.7,-2110.1
668.7,-2110.1
668.7,-2110.1
668.7,-2110.1
668.6,-2110.1
668.6,-2110.1
668.6,-2110.1
668.6,-2110.1
668.5,-2110.0
668.5,-2110.0
668.5,-2110.0
668.4,-2110.0
668.4,-2110.0
668.4,-2110.0
668.4,-2110.0
668.4,-2110.0
668.3,-2109.9
668.3,-2109.9
668.3,-2109.9
668.3,-2109.9
668.3,-2109.9
668.3,-2109.9
668.3,-2109.9
668.3,-2109.9
668.3,-2109.9
668.5,-2110.0
668.8,-2111.4
670.2,-2113.2
672.0,-2115.3
674.6,-2116.4
675.4,-2116.8
675.7,-2118.2
676.6,-2118.6
677.8,-2119.1
678.5,-2119.5
679.4,-2118.6
679.2,-2118.6
678.8,-2118.4
678.4,-2118.2
677.8,-2117.9
677.2,-2117.6
676.2,-2118.4
676.0,-2118.3
676.4,-2118.5
676.7,-2118.6
677.4,-2118.9
676.7,-2119.8
676.0,-2119.5
675.7,-2119.4
674.3,-2117.5
675.4,-2116.8
676.5,-2116.1
677.4,-2114.1
677.8,-2111.8
678.5,-2109.7
679.7,-2107.8
681.1,-2106.0
682.6,-2104.1
684.2,-2103.6
685.5,-2104.1
684.2,-2103.6
683.3,-2104.4
681.9,-2105.0
682.2,-2105.2
682.9,-2104.2
682.7,-2105.5
683.2,-2105.7
682.1,-2106.4
681.7,-2106.3
681.1,-2107.2
680.4,-2108.1
678.8,-2109.8
677.9,-2110.6
678.1,-2110.7
678.2,-2110.8
678.1,-2110.7
677.9,-2110.6
677.5,-2110.4
677.5,-2109.2
676.7,-2110.1
676.5,-2110.0
675.7,-2110.9
676.4,-2110.0
674.6,-2110.3
674.4,-2110.3
673.6,-2109.9
674.1,-2108.9
672.7,-2109.5
672.7,-2109.5
672.9,-2109.6
674.4,-2109.0
675.2,-2109.4
676.8,-2108.9
675.3,-2109.4
673.7,-2109.9
674.4,-2110.3
675.7,-2109.6
676.4,-2110.0
677.0,-2110.2
677.5,-2110.4
677.9,-2110.6
678.4,-2110.8
678.2,-2112.0
678.6,-2112.2
678.9,-2112.3
679.1,-2112.4
679.4,-2112.5
679.5,-2112.6
679.5,-2112.6
679.5,-2112.6
679.7,-2112.6
679.8,-2112.7
679.9,-2112.8
678.5,-2113.3
678.4,-2113.3
677.4,-2114.1
677.4,-2114.1
678.4,-2113.3
678.4,-2113.3
678.7,-2113.4
679.4,-2112.5
679.7,-2112.6
680.1,-2111.6
680.2,-2111.7
680.9,-2110.8
681.2,-2110.9
681.9,-2110.0
682.5,-2110.3
683.8,-2109.6
683.8,-2109.6
685.2,-2109.1
685.6,-2109.2
686.8,-2108.5
687.4,-2107.6
688.1,-2106.7
688.9,-2105.8
689.5,-2106.1
691.4,-2105.7
692.5,-2106.2
693.3,-2106.5
694.2,-2107.0
695.0,-2107.3
695.2,-2107.4
695.5,-2107.6
695.5,-2106.4
695.9,-2105.2
695.9,-2105.2
696.4,-2105.5
696.3,-2105.5
696.7,-2105.7
697.2,-2105.9
696.3,-2107.9
696.7,-2110.6
697.4,-2110.9
697.7,-2111.0
697.4,-2110.9
697.5,-2109.7
696.9,-2108.2
697.5,-2108.5
698.1,-2110.0
698.2,-2111.2
697.1,-2110.7
696.9,-2110.6
696.6,-2111.7
696.4,-2111.6
695.8,-2111.4
695.7,-2111.3
695.3,-2112.4
696.1,-2111.5
695.9,-2112.6
696.5,-2112.9
696.2,-2114.0
695.5,-2114.9
695.5,-2114.9
696.1,-2115.2
696.0,-2117.5
696.5,-2117.8
695.5,-2118.6
694.2,-2119.2
693.3,-2118.8
692.6,-2120.9
692.4,-2122.1
692.7,-2123.4
692.4,-2124.5
692.2,-2126.9
691.5,-2129.0
692.6,-2128.3
693.3,-2127.4
693.8,-2126.4
693.9,-2125.2
693.9,-2125.2
693.7,-2125.2
693.3,-2125.0
692.5,-2125.9
691.8,-2126.7
690.9,-2127.6
690.1,-2128.4
689.0,-2129.2
688.2,-2128.8
686.9,-2129.5
686.4,-2129.2
685.2,-2132.4
684.8,-2134.6
684.3,-2135.6
684.2,-2136.8
684.2,-2136.8
686.2,-2135.2
686.8,-2135.5
688.3,-2134.9
689.3,-2134.2
689.0,-2134.0
689.6,-2134.3
691.4,-2132.7
691.8,-2131.6
692.9,-2129.7
694.4,-2127.9
695.6,-2126.0
696.2,-2125.1
696.1,-2123.7
695.5,-2124.7
694.6,-2125.5
694.0,-2126.5
693.4,-2126.2
693.1,-2126.1
693.1,-2124.9
693.3,-2125.0
692.8,-2126.0
692.5,-2125.9
692.4,-2125.8
692.6,-2125.9
693.5,-2125.0
693.8,-2123.9
693.7,-2123.9
693.8,-2123.9
694.3,-2124.1
693.3,-2126.2
692.9,-2127.3
691.4,-2130.2
692.2,-2128.1
692.4,-2127.0
692.9,-2127.3
693.2,-2126.2
692.3,-2128.2
692.5,-2128.3
692.0,-2130.5
692.3,-2131.8
692.3,-2131.8
692.0,-2134.1
692.0,-2135.4
692.3,-2136.7
690.9,-2138.5
691.0,-2138.6
692.1,-2140.3
694.5,-2141.4
694.7,-2144.0
694.8,-2146.5
695.9,-2145.8
695.6,-2146.9
694.9,-2149.0
695.1,-2150.3
695.9,-2150.7
697.0,-2149.9
697.6,-2150.2
697.8,-2151.5
698.6,-2151.9
698.5,-2154.3
699.1,-2154.6
701.7,-2153.3
702.4,-2153.6
704.6,-2154.6
705.1,-2153.6
705.2,-2153.7
705.0,-2154.8
704.6,-2155.8
704.3,-2156.9
704.1,-2159.3
703.6,-2161.5
702.7,-2162.4
702.3,-2160.9
702.5,-2161.0
701.6,-2159.4
704.2,-2156.8
706.4,-2154.2
706.3,-2152.9
706.4,-2152.9
705.9,-2151.5
706.0,-2151.5
706.1,-2151.6
706.4,-2151.7
706.9,-2152.0
707.3,-2152.1
706.7,-2153.1
706.1,-2152.8
705.9,-2152.7
705.6,-2153.8
704.8,-2152.2
704.2,-2152.0
703.5,-2151.7
703.0,-2151.4
701.8,-2152.1
701.5,-2150.8
699.0,-2153.3
699.5,-2153.5
699.3,-2154.6
699.3,-2154.6
699.7,-2156.1
700.0,-2155.0
702.3,-2152.3
703.8,-2151.8
704.5,-2152.1
704.8,-2152.2
704.8,-2152.3
704.5,-2152.1
702.9,-2152.6
702.2,-2152.3
701.7,-2152.1
701.5,-2150.8
701.4,-2152.0
701.8,-2152.1
702.5,-2151.2
701.5,-2152.0
702.3,-2149.9
702.2,-2149.8
703.7,-2148.1
703.5,-2146.8
703.7,-2145.7
704.0,-2144.6
704.3,-2142.2
703.8,-2140.7
