x,y
0.0,0.0
0.0,0.1
0.0,0.1
0.0,0.1
0.0,0.1
0.0,0.1
0.1,0.2
0.1,0.4
0.2,0.4
0.2,0.6
0.2,0.6
0.2,0.7
0.3,0.8
0.3,0.8
0.3,0.9
0.3,0.9
0.4,1.0
0.4,1.2
0.4,1.2
0.5,1.3
0.5,1.3
0.5,1.3
0.5,1.3
0.5,1.3
0.5,1.3
0.6,1.5
0.6,1.5
0.6,1.5
1.6,1.1
1.6,1.1
1.6,1.1
1.6,1.1
1.6,1.1
1.6,1.1
1.6,1.1
1.6,1.1
1.6,1.1
1.7,1.2
1.7,1.2
1.7,1.2
1.7,1.2
1.7,1.2
1.7,1.2
1.7,1.2
1.7,1.4
1.7,1.4
1.7,1.4
1.7,1.4
1.7,1.4
1.7,1.4
1.7,1.4
1.7,1.4
1.7,1.5
1.7,1.5
1.7,1.5
1.8,1.5
1.8,1.5
1.8,1.5
1.8,1.7
1.9,1.8
1.9,2.0
1.2,3.1
1.4,3.6
1.4,3.7
1.4,3.7
1.3,3.4
1.0,2.7
0.3,0.9
-0.3,-0.8
-0.3,-3.8
0.6,-7.9
2.3,-12.8
3.7,-18.2
5.1,-24.2
6.5,-30.2
8.8,-36.5
10.4,-41.7
14.7,-46.0
20.0,-48.0
26.0,-47.8
33.8,-46.4
41.9,-44.2
50.2,-41.5
59.6,-39.0
70.2,-36.8
79.7,-33.9
90.4,-31.4
99.9,-28.5
110.5,-25.9
120.1,-23.2
130.7,-20.7
141.3,-18.3
150.7,-15.9
158.8,-13.5
165.5,-11.5
171.9,-10.7
177.5,-11.7
182.7,-13.9
187.4,-17.1
191.6,-22.1
195.0,-28.9
199.0,-37.2
202.9,-46.0
206.9,-54.4
211.9,-63.4
217.7,-73.3
223.4,-83.8
229.8,-95.5
236.0,-107.6
243.0,-120.9
249.7,-135.1
254.7,-153.8
260.8,-169.5
266.7,-185.8
271.3,-202.1
277.3,-218.1
281.5,-232.4
286.1,-245.8
289.7,-258.3
293.6,-270.2
298.1,-280.4
300.9,-289.0
302.5,-297.3
301.9,-305.2
298.6,-313.5
292.4,-320.5
287.1,-327.9
279.5,-335.0
271.7,-342.8
262.7,-350.5
252.3,-358.6
242.9,-367.4
233.5,-376.1
222.8,-385.0
213.0,-394.3
202.4,-403.4
191.5,-412.6
180.5,-422.3
169.4,-432.3
157.2,-441.9
144.8,-451.8
133.5,-462.3
121.3,-472.0
110.4,-481.5
98.6,-490.1
87.9,-498.9
76.5,-506.7
65.1,-514.5
54.6,-522.6
43.1,-530.6
33.8,-538.9
24.4,-547.4
16.0,-557.0
7.1,-567.4
-0.9,-578.8
-9.1,-590.7
-17.7,-603.5
-26.5,-616.7
-36.5,-630.1
-46.8,-644.4
-57.3,-659.0
-67.8,-673.6
-78.2,-688.2
-88.9,-703.4
-99.9,-719.0
-109.9,-735.7
-119.1,-753.1
-125.9,-771.0
-131.7,-789.3
-137.6,-807.4
-142.4,-826.3
-147.4,-845.6
-152.5,-865.4
-158.8,-885.0
-168.2,-903.2
-177.7,-921.2
-188.1,-938.8
-196.5,-957.4
-205.0,-976.3
-213.7,-995.8
-221.4,-1016.2
-229.5,-1037.2
-236.7,-1059.0
-243.1,-1081.8
-249.5,-1104.9
-255.9,-1127.9
-263.4,-1150.6
-273.0,-1172.5
-282.7,-1194.3
-293.3,-1215.8
-303.9,-1236.9
-314.4,-1257.6
-324.6,-1278.0
-334.7,-1297.9
-345.7,-1317.0
-354.4,-1336.6
-365.1,-1354.9
-375.8,-1372.9
-385.3,-1391.5
-396.1,-1409.9
-405.9,-1429.1
-415.8,-1448.5
-426.0,-1468.4
-437.1,-1488.1
-448.6,-1508.5
-460.3,-1529.2
-471.1,-1551.1
-482.3,-1573.7
-494.7,-1596.5
-507.4,-1620.0
-521.3,-1643.5
-536.3,-1666.6
-550.2,-1689.8
-565.1,-1712.6
-579.9,-1735.3
-594.7,-1757.9
-609.5,-1780.5
-623.3,-1803.7
-636.3,-1827.7
-649.2,-1851.9
-661.1,-1876.3
-670.9,-1901.8
-680.8,-1927.6
-690.9,-1953.7
-699.9,-1980.6
-708.1,-2008.2
-717.3,-2035.3
-727.5,-2062.0
-737.8,-2088.6
-745.9,-2116.2
-754.1,-2143.8
-761.2,-2171.9
-769.3,-2199.4
-778.5,-2226.4
-789.6,-2252.2
-801.6,-2277.1
-815.6,-2300.8
-829.4,-2323.8
-844.8,-2344.8
-859.7,-2364.5
-875.1,-2382.1
-888.6,-2398.2
-900.4,-2413.2
-909.9,-2428.4
-917.4,-2444.6
-922.8,-2461.9
-927.3,-2480.2
-931.0,-2499.2
-934.9,-2518.8
-939.0,-2539.1
-943.4,-2560.2
-949.3,-2581.7
-957.6,-2603.3
-968.3,-2624.9
-977.2,-2648.0
-988.5,-2670.9
-998.9,-2694.9
-1009.5,-2719.5
-1020.3,-2744.4
-1031.3,-2769.7
-1042.4,-2795.4
-1053.6,-2821.3
-1064.9,-2847.4
-1076.1,-2873.6
-1087.5,-2900.2
-1098.9,-2926.6
-1110.4,-2953.0
-1121.7,-2979.6
-1133.1,-3006.1
-1144.5,-3032.5
-1156.0,-3059.2
-1167.5,-3085.9
-1179.0,-3112.7
-1189.4,-3140.0
-1201.0,-3166.7
-1211.2,-3193.3
-1222.4,-3219.3
-1232.6,-3245.6
-1242.9,-3272.5
-1254.5,-3299.7
-1266.3,-3327.3
-1280.5,-3354.5
-1294.5,-3381.4
-1307.3,-3408.6
-1321.3,-3435.2
-1334.0,-3462.1
-1347.8,-3488.5
-1361.7,-3515.0
-1375.6,-3541.7
-1388.5,-3568.8
-1402.5,-3595.7
-1415.4,-3622.9
-1428.3,-3649.9
-1442.1,-3676.5
-1456.2,-3703.4
-1469.2,-3731.0
-1483.3,-3758.3
-1497.3,-3785.1
-1510.9,-3810.9
-1523.2,-3836.4
-1535.3,-3861.6
-1547.4,-3886.8
-1559.7,-3912.4
-1572.0,-3938.2
-1585.5,-3963.8
-1599.1,-3989.5
-1611.7,-4016.0
-1625.4,-4042.0
-1639.1,-4068.1
-1652.8,-4094.1
-1666.2,-4119.5
-1678.3,-4144.6
-1691.1,-4168.6
-1704.0,-4192.5
-1716.6,-4215.9
-1727.9,-4239.0
-1740.2,-4261.1
-1751.2,-4283.7
-1761.3,-4306.8
-1773.6,-4329.2
-1784.7,-4352.0
-1795.9,-4374.7
-1805.7,-4396.7
-1815.0,-4417.8
-1823.9,-4438.0
-1831.7,-4458.2
-1839.4,-4478.4
-1848.2,-4498.0
-1855.9,-4518.4
-1863.8,-4538.8
-1871.7,-4559.4
-1879.5,-4579.8
-1888.4,-4599.8
-1896.1,-4619.7
-1903.4,-4638.9
-1910.8,-4658.2
-1918.2,-4677.4
-1925.4,-4696.3
-1932.7,-4715.2
-1939.9,-4733.9
-1947.0,-4752.5
-1954.1,-4770.7
-1960.8,-4788.4
-1967.3,-4805.4
-1974.9,-4822.2
-1982.7,-4839.0
-1990.4,-4856.1
-1999.2,-4872.6
-2006.9,-4889.5
-2016.8,-4905.8
-2026.8,-4922.5
-2038.0,-4939.1
-2048.5,-4956.7
-2058.9,-4974.5
-2069.6,-4992.5
-2081.3,-5010.5
-2092.1,-5029.0
-2104.0,-5047.3
-2114.7,-5065.9
-2125.6,-5084.6
-2136.4,-5103.2
-2147.2,-5121.7
-2157.9,-5140.2
-2168.7,-5158.8
-2178.2,-5177.3
-2188.8,-5195.5
-2199.4,-5213.4
-2208.9,-5231.7
-2219.4,-5249.7
-2228.8,-5267.9
-2239.4,-5285.8
-2248.8,-5304.1
-2259.3,-5321.9
-2269.7,-5339.8
-2279.1,-5357.9
-2289.7,-5375.7
-2300.2,-5393.7
-2310.8,-5411.6
-2321.2,-5429.4
-2331.7,-5447.3
-2342.3,-5465.4
-2352.7,-5483.2
-2363.2,-5501.0
-2373.7,-5518.8
-2383.1,-5536.8
-2393.3,-5554.1
-2402.5,-5571.7
-2412.7,-5588.8
-2423.0,-5606.0
-2432.0,-5622.9
-2442.0,-5639.6
-2451.8,-5655.8
-2461.6,-5671.8
-2470.3,-5687.9
-2479.8,-5703.3
-2488.2,-5719.0
-2496.6,-5734.5
-2503.9,-5750.6
-2511.2,-5766.3
-2518.3,-5781.7
-2524.3,-5797.3
-2530.1,-5812.3
-2536.8,-5826.6
-2543.3,-5840.4
-2548.5,-5853.9
-2554.6,-5866.7
-2559.5,-5879.4
-2565.3,-5891.5
-2569.9,-5903.6
-2575.6,-5915.3
-2580.3,-5927.5
-2586.1,-5939.5
-2590.8,-5951.6
-2596.4,-5963.1
-2600.8,-5974.7
-2606.2,-5985.7
-2610.6,-5997.1
-2615.0,-6008.6
-2620.4,-6019.6
-2624.8,-6031.1
-2630.3,-6042.0
-2635.7,-6052.9
-2641.0,-6063.8
-2647.4,-6074.3
-2652.7,-6084.9
-2659.1,-6095.2
-2664.3,-6105.6
-2669.3,-6115.4
-2675.1,-6124.4
-2679.8,-6133.6
-2684.6,-6142.8
-2689.4,-6152.3
-2694.2,-6161.7
-2699.1,-6171.2
-2704.0,-6181.1
-2708.0,-6191.2
-2713.0,-6201.0
-2717.8,-6210.8
-2722.8,-6220.4
-2727.7,-6229.9
-2731.4,-6239.7
-2736.1,-6248.9
-2740.8,-6258.0
-2744.6,-6268.0
-2748.4,-6277.9
-2753.4,-6287.7
-2757.5,-6298.4
-2761.6,-6309.4
-2767.0,-6320.1
-2771.3,-6331.2
-2775.4,-6342.0
-2779.6,-6352.8
-2783.7,-6363.7
-2788.8,-6373.9
-2792.7,-6384.0
-2797.3,-6393.0
-2800.6,-6401.5
-2803.7,-6409.6
-2806.7,-6417.2
-2810.6,-6424.5
-2813.5,-6432.2
-2816.5,-6439.7
-2819.4,-6447.5
-2822.3,-6455.1
-2826.2,-6462.1
-2828.9,-6469.0
-2831.3,-6475.5
-2834.5,-6480.3
-2836.1,-6484.6
-2837.6,-6488.4
-2839.2,-6492.8
-2841.3,-6498.4
-2843.9,-6505.0
-2846.6,-6512.1
-2850.6,-6519.4
-2853.9,-6527.9
-2857.4,-6537.1
-2862.1,-6546.2
-2866.7,-6555.1
-2870.4,-6564.6
-2876.1,-6573.2
-2880.6,-6581.8
-2885.9,-6589.2
-2889.6,-6596.0
-2893.1,-6601.8
-2896.1,-6606.6
-2898.8,-6610.5
-2901.0,-6613.2
-2901.6,-6614.9
-2903.0,-6615.3
-2903.0,-6615.4
-2903.0,-6615.3
-2903.0,-6615.4
-2903.3,-6616.2
-2903.9,-6617.7
-2905.5,-6618.9
-2907.2,-6620.2
-2907.9,-6621.7
-2909.7,-6623.3
-2912.9,-6625.3
-2916.2,-6627.8
-2918.7,-6631.2
-2919.1,-6635.5
-2917.3,-6640.1
-2914.3,-6644.9
-2910.4,-6650.0
-2906.4,-6655.7
-2901.5,-6661.6
-2897.7,-6667.6
-2892.0,-6674.7
-2886.6,-6682.4
-2879.0,-6691.1
-2871.5,-6699.8
-2864.0,-6708.5
-2856.2,-6716.9
-2848.5,-6725.1
-2840.7,-6733.1
-2832.9,-6740.9
-2825.1,-6748.9
-2816.3,-6757.5
-2807.4,-6766.1
-2798.6,-6774.6
-2788.7,-6783.5
-2779.9,-6792.0
-2770.0,-6801.1
-2760.2,-6810.2
-2750.4,-6819.3
-2740.7,-6828.6
-2730.9,-6837.9
-2721.1,-6847.1
-2710.4,-6857.0
-2699.6,-6866.9
-2688.9,-6876.9
-2677.3,-6887.6
-2666.6,-6897.7
-2655.9,-6907.8
-2644.3,-6918.8
-2632.8,-6929.8
-2621.2,-6940.8
-2608.6,-6952.3
-2596.1,-6964.0
-2583.6,-6975.8
-2571.2,-6987.7
-2558.7,-6999.6
-2546.3,-7011.5
-2533.8,-7023.4
-2520.4,-7035.8
-2507.8,-7047.6
-2496.4,-7059.0
-2483.9,-7070.8
-2472.5,-7082.3
-2460.2,-7094.3
-2448.9,-7106.1
-2437.8,-7118.2
-2425.7,-7131.1
-2414.8,-7143.9
-2402.9,-7157.2
-2392.3,-7170.7
-2380.7,-7184.9
-2370.4,-7199.4
-2360.3,-7214.1
-2349.2,-7229.6
-2338.3,-7245.6
-2327.5,-7262.0
-2317.8,-7277.9
-2307.1,-7294.3
-2296.3,-7310.7
-2285.5,-7327.1
-2275.8,-7343.0
-2265.1,-7359.5
-2254.3,-7375.9
-2243.6,-7392.4
-2232.9,-7408.8
-2221.1,-7425.7
-2209.1,-7442.4
-2197.4,-7459.2
-2186.5,-7475.3
-2173.5,-7492.4
-2161.6,-7509.0
-2148.6,-7525.9
-2136.6,-7542.4
-2123.6,-7559.2
-2111.6,-7575.7
-2098.6,-7592.8
-2086.7,-7609.2
-2073.6,-7626.1
-2061.6,-7642.3
-2048.5,-7659.2
-2036.5,-7675.6
-2023.5,-7692.5
-2010.5,-7709.6
-1997.7,-7727.0
-1984.8,-7744.3
-1971.9,-7761.5
-1958.8,-7778.3
-1946.9,-7794.5
-1934.8,-7810.8
-1921.7,-7827.6
-1908.7,-7844.6
-1896.8,-7861.1
-1883.7,-7877.9
-1871.8,-7894.5
-1858.7,-7911.3
-1846.8,-7927.7
-1834.8,-7944.1
-1822.9,-7960.7
-1810.9,-7977.1
-1799.0,-7993.9
-1787.1,-8010.5
-1774.1,-8027.4
-1761.0,-8044.2
-1747.9,-8060.8
-1734.9,-8077.7
-1721.8,-8094.5
-1708.7,-8111.2
-1696.7,-8127.6
-1683.7,-8144.5
-1670.7,-8161.4
-1658.7,-8177.9
-1645.6,-8194.8
-1632.6,-8211.7
-1619.6,-8228.6
-1606.6,-8245.7
-1593.7,-8262.9
-1580.8,-8280.2
-1567.9,-8297.5
-1555.1,-8315.0
-1542.3,-8332.4
-1528.4,-8350.2
-1515.6,-8367.5
-1502.6,-8384.8
-1489.8,-8402.1
-1476.9,-8419.4
-1464.0,-8436.7
-1451.2,-8454.0
-1437.3,-8471.9
-1424.4,-8489.4
-1411.6,-8506.8
-1397.7,-8524.8
-1384.9,-8542.2
-1372.0,-8559.6
-1358.2,-8577.6
-1345.3,-8594.9
-1332.4,-8612.1
-1319.5,-8629.5
-1306.6,-8646.7
-1293.8,-8664.1
-1280.9,-8681.3
-1267.9,-8698.4
-1254.9,-8715.5
-1241.9,-8732.4
-1229.9,-8748.7
-1216.8,-8765.5
-1203.7,-8782.3
-1190.6,-8798.9
-1177.4,-8815.5
-1164.3,-8832.0
-1151.2,-8848.7
-1138.0,-8865.3
-1126.1,-8881.7
-1111.8,-8898.8
-1098.8,-8915.6
-1084.7,-8932.9
-1071.7,-8949.8
-1057.5,-8967.2
-1043.5,-8984.7
-1029.6,-9002.4
-1015.7,-9020.4
-1000.9,-9038.9
-987.0,-9057.1
-972.2,-9075.6
-957.3,-9094.2
-943.6,-9112.4
-928.7,-9131.2
-915.1,-9149.7
-900.5,-9169.1
-887.2,-9188.3
-872.7,-9208.1
-858.3,-9228.0
-845.0,-9247.4
-832.8,-9266.6
-819.5,-9285.9
-807.2,-9304.9
-795.0,-9324.0
-782.7,-9342.9
-770.5,-9362.1
-759.3,-9380.7
-747.0,-9399.6
-734.5,-9417.9
-721.9,-9436.0
-709.2,-9453.6
-696.5,-9471.4
-683.7,-9489.1
-671.2,-9507.2
-658.5,-9525.2
-646.1,-9543.5
-633.4,-9561.4
-620.8,-9579.2
-607.0,-9597.5
-594.2,-9615.1
-581.5,-9632.9
-568.7,-9650.5
-554.8,-9668.3
-541.9,-9685.4
-527.8,-9702.7
-513.6,-9720.0
-499.5,-9737.2
-486.5,-9754.2
-473.6,-9771.5
-459.6,-9789.3
-446.8,-9806.8
-433.0,-9824.8
-420.3,-9842.6
-406.7,-9861.1
-394.1,-9879.2
-380.6,-9898.1
-368.1,-9916.3
-355.5,-9934.6
-344.0,-9952.5
-331.5,-9970.6
-318.9,-9988.7
-306.2,-10006.5
-293.5,-10024.2
-280.7,-10042.0
-268.0,-10059.8
-255.4,-10077.7
-241.6,-10095.9
-229.0,-10114.0
-215.3,-10132.5
-202.8,-10150.6
-189.2,-10169.4
-175.6,-10188.0
-163.0,-10206.2
-150.5,-10224.3
-138.0,-10242.7
-125.6,-10261.3
-114.2,-10279.5
-101.9,-10298.2
-88.5,-10317.4
-76.1,-10336.2
-62.8,-10355.4
-50.4,-10374.1
-37.0,-10393.1
-23.5,-10412.2
-11.0,-10430.8
2.3,-10450.0
15.7,-10469.1
29.1,-10488.5
41.5,-10507.2
52.8,-10525.3
65.2,-10543.9
76.4,-10562.6
87.3,-10581.6
97.2,-10600.7
106.8,-10620.0
116.4,-10639.5
125.0,-10658.6
134.5,-10678.2
143.0,-10697.4
151.6,-10716.1
160.4,-10734.8
169.3,-10752.8
179.6,-10770.4
190.2,-10787.4
200.8,-10804.2
212.6,-10821.2
224.4,-10837.8
236.5,-10854.0
249.9,-10870.0
263.4,-10885.7
278.3,-10901.2
294.1,-10916.7
310.3,-10932.0
327.5,-10947.5
343.7,-10962.7
359.7,-10978.4
375.3,-10994.9
389.5,-11011.9
403.5,-11029.6
417.3,-11047.9
430.9,-11066.3
444.7,-11084.8
457.4,-11102.6
470.1,-11120.2
483.0,-11137.6
494.7,-11154.5
507.7,-11171.7
519.6,-11188.4
532.6,-11205.4
545.6,-11222.4
557.6,-11238.7
569.5,-11255.2
581.4,-11272.0
593.2,-11288.9
604.9,-11305.9
615.7,-11322.4
627.5,-11339.2
638.3,-11355.6
649.0,-11372.2
659.7,-11388.7
670.4,-11405.3
681.1,-11421.9
691.7,-11438.6
701.3,-11455.0
711.8,-11472.1
722.2,-11489.4
732.6,-11506.7
743.0,-11524.1
754.4,-11542.1
764.7,-11559.7
775.1,-11577.1
785.5,-11594.5
795.9,-11611.8
806.4,-11629.3
816.7,-11646.6
827.1,-11663.9
837.7,-11681.1
848.3,-11697.9
860.1,-11714.7
870.9,-11731.1
882.7,-11748.0
895.7,-11765.1
906.5,-11781.2
918.5,-11797.6
930.4,-11814.4
942.3,-11831.0
954.1,-11847.8
967.0,-11865.1
978.8,-11881.9
990.7,-11898.7
1002.7,-11915.2
1014.5,-11931.8
1027.6,-11948.7
1040.6,-11965.7
1052.5,-11982.5
1065.5,-11999.5
1078.4,-12016.5
1091.5,-12033.3
1104.5,-12050.3
1117.5,-12067.4
1130.4,-12084.5
1143.3,-12101.7
1156.4,-12118.7
1168.3,-12135.3
1181.4,-12152.0
1193.4,-12168.2
1205.6,-12184.3
1217.7,-12200.5
1230.8,-12217.1
1242.7,-12233.6
1255.8,-12250.4
1267.8,-12266.7
1279.9,-12283.1
1291.9,-12299.3
1303.0,-12314.8
1315.1,-12330.7
1327.3,-12346.9
1339.3,-12363.3
1352.2,-12380.5
1364.0,-12397.2
1376.0,-12413.8
1388.0,-12430.3
1400.0,-12446.5
1411.0,-12462.4
1420.9,-12477.8
1430.8,-12493.2
1439.5,-12508.6
1447.9,-12524.6
1456.3,-12541.0
1463.3,-12557.3
1470.4,-12574.0
1477.6,-12590.1
1485.1,-12605.6
1492.8,-12620.1
1500.0,-12633.0
1507.5,-12645.3
1515.1,-12657.0
1522.9,-12668.2
1530.9,-12678.9
1540.0,-12689.8
1549.3,-12700.6
1558.5,-12711.2
1567.9,-12721.6
1577.2,-12732.0
1587.6,-12742.8
1597.0,-12753.0
1606.4,-12763.2
1615.9,-12773.4
1625.4,-12783.5
1635.7,-12794.2
1645.2,-12804.5
1654.7,-12814.6
1665.1,-12825.2
1674.5,-12835.6
1683.8,-12846.1
1693.1,-12856.5
1703.6,-12867.0
1713.1,-12877.0
1722.6,-12887.1
1731.1,-12896.6
1740.6,-12906.4
1750.1,-12916.4
1758.6,-12925.9
1768.1,-12936.0
1776.6,-12945.3
1786.1,-12955.0
1794.8,-12964.0
1803.4,-12973.2
1811.0,-12981.8
1818.6,-12990.2
1826.3,-12998.5
1833.0,-13006.2
1840.7,-13014.5
1848.6,-13022.4
1855.3,-13029.9
1862.2,-13037.4
1870.0,-13045.1
1876.9,-13052.5
1883.7,-13060.0
1891.6,-13067.8
1898.5,-13074.9
1904.4,-13081.6
1911.5,-13088.4
1917.5,-13094.6
1923.5,-13100.8
1929.6,-13107.0
1935.8,-13112.9
1940.0,-13117.6
1944.5,-13121.7
1947.0,-13124.4
1949.7,-13127.0
1952.3,-13129.4
1955.0,-13131.8
1956.6,-13133.8
1959.4,-13136.0
1960.2,-13137.0
1960.1,-13137.2
1960.1,-13137.2
1960.2,-13137.2
1960.2,-13137.2
1960.2,-13137.0
1960.2,-13137.2
1961.1,-13137.9
1962.8,-13139.6
1964.5,-13141.5
1965.2,-13142.6
1967.0,-13144.3
1967.8,-13145.4
1968.7,-13146.1
1969.7,-13146.6
1969.7,-13146.6
1968.6,-13146.3
1968.7,-13146.1
1968.7,-13146.1
1968.7,-13146.1
1968.7,-13146.1
1968.7,-13146.0
1968.7,-13146.0
1968.7,-13146.0
1968.7,-13146.0
1968.7,-13146.0
1968.7,-13146.0
1968.7,-13146.0
1968.7,-13146.0
1967.7,-13145.6
1967.7,-13145.6
1967.7,-13145.6
1967.7,-13145.6
1967.7,-13145.6
1967.8,-13145.4
1967.8,-13145.4
1967.8,-13145.4
1967.8,-13145.4
1967.8,-13145.4
1967.8,-13145.4
1967.8,-13145.4
1967.8,-13145.3
1967.8,-13145.3
1967.8,-13145.3
1967.8,-13145.3
1967.8,-13145.3
1967.8,-13145.3
1967.8,-13145.3
1967.8,-13145.3
1967.8,-13145.3
1967.8,-13145.3
1967.8,-13145.2
1967.8,-13145.2
1967.8,-13145.2
1967.8,-13145.2
1967.8,-13145.2
1967.8,-13145.2
1967.8,-13145.2
1967.8,-13145.2
1967.8,-13145.2
1967.8,-13145.3
1968.7,-13146.0
1969.6,-13147.0
1971.3,-13148.6
1973.9,-13151.1
1975.7,-13153.1
1977.4,-13154.8
1979.1,-13156.5
1980.9,-13158.0
1981.7,-13159.0
1982.6,-13159.9
1983.4,-13161.0
1985.2,-13162.4
1986.9,-13164.2
1988.6,-13165.9
1990.3,-13167.7
1993.1,-13170.2
1995.6,-13172.7
1998.3,-13175.2
2000.8,-13177.9
2003.4,-13180.6
2007.0,-13183.8
2009.5,-13186.7
2013.0,-13190.0
2014.6,-13192.2
2016.2,-13194.2
2017.9,-13195.9
2018.7,-13196.9
2019.7,-13197.4
2019.7,-13197.4
2019.7,-13197.4
2019.7,-13197.4
2019.7,-13197.4
2019.8,-13197.3
2019.7,-13197.4
2019.7,-13197.4
2020.6,-13198.3
2022.4,-13199.9
2024.1,-13201.8
2026.7,-13204.2
2027.4,-13205.6
2029.2,-13207.1
2030.1,-13208.0
2030.1,-13208.1
2030.1,-13208.1
2030.1,-13208.1
2030.0,-13208.2
2030.0,-13208.2
2030.0,-13208.2
2030.0,-13208.2
2030.0,-13208.3
2030.0,-13208.3
2030.0,-13208.3
2030.0,-13208.3
2029.9,-13208.5
2029.9,-13208.5
2029.9,-13208.5
2029.9,-13208.5
2029.9,-13208.5
2030.0,-13208.3
2030.0,-13208.3
2030.0,-13208.3
2030.0,-13208.3
2030.0,-13208.3
2030.0,-13208.3
2030.0,-13208.3
2030.0,-13208.3
2030.0,-13208.2
2030.0,-13208.2
2030.0,-13208.2
2030.0,-13208.2
2030.0,-13208.2
2030.0,-13208.2
2030.0,-13208.2
2030.1,-13208.1
2030.1,-13208.1
2030.1,-13208.1
2030.1,-13208.1
2030.1,-13208.1
2030.1,-13208.1
2030.1,-13208.1
2030.1,-13208.1
2030.1,-13208.1
2030.1,-13208.1
2031.1,-13208.5
2031.1,-13208.4
2031.1,-13208.4
2031.1,-13208.4
2031.1,-13208.4
2031.1,-13208.4
2031.1,-13208.4
2031.1,-13208.4
2031.1,-13208.4
2031.2,-13208.3
2031.2,-13208.3
2031.2,-13208.3
2031.2,-13208.3
2031.2,-13208.3
2031.2,-13208.3
2031.2,-13208.3
2031.2,-13208.3
2031.2,-13208.2
2031.2,-13208.2
2031.2,-13208.2
2031.2,-13208.2
2031.2,-13208.2
2031.2,-13208.2
2031.2,-13208.2
2031.2,-13208.2
2032.3,-13208.6
2032.3,-13208.6
2032.2,-13208.7
2033.0,-13209.6
2033.8,-13210.9
2035.4,-13212.9
2038.0,-13215.2
2038.7,-13216.7
2040.3,-13218.6
2041.1,-13220.0
2042.8,-13221.8
2044.5,-13223.5
2045.2,-13224.9
2046.9,-13226.7
2047.7,-13227.8
2047.5,-13228.3
2048.5,-13228.8
2048.4,-13229.0
2048.4,-13229.0
2048.4,-13229.0
2048.4,-13229.1
2048.3,-13229.2
2049.2,-13230.1
2050.0,-13231.0
2050.7,-13232.4
2052.2,-13234.6
2054.7,-13237.6
2057.1,-13240.4
2058.7,-13242.9
2061.0,-13246.2
2064.4,-13249.8
2067.6,-13253.8
2069.7,-13257.7
2074.0,-13262.6
2077.0,-13267.3
2081.0,-13272.4
2084.0,-13277.2
2088.0,-13282.3
2091.1,-13286.8
2094.3,-13291.2
2097.5,-13295.3
2099.7,-13298.7
2101.1,-13301.5
2103.5,-13304.5
2105.0,-13306.8
2106.7,-13308.9
2108.4,-13310.7
2109.1,-13312.0
2109.9,-13313.0
2109.7,-13313.5
2109.7,-13313.5
2109.7,-13313.6
2110.7,-13314.1
2110.6,-13314.2
2110.6,-13314.3
2110.6,-13314.4
2110.5,-13314.5
2110.5,-13314.5
2110.5,-13314.6
2110.4,-13314.7
2111.4,-13315.2
2111.4,-13315.2
2111.4,-13315.3
2111.4,-13315.3
2111.4,-13315.3
2111.4,-13315.3
2111.4,-13315.2
2111.4,-13315.2
2111.4,-13315.2
2111.4,-13315.2
2111.5,-13315.1
2111.5,-13315.1
2111.5,-13315.1
2110.5,-13314.6
2110.5,-13314.6
2110.5,-13314.6
2110.5,-13314.5
2110.5,-13314.5
2110.5,-13314.5
2110.6,-13314.4
2110.6,-13314.4
2110.6,-13314.4
2110.6,-13314.4
2110.6,-13314.3
2110.6,-13314.3
2110.6,-13314.3
2110.6,-13314.3
2110.6,-13314.2
2110.6,-13314.2
2109.6,-13313.8
2109.6,-13313.8
2109.6,-13313.7
2109.6,-13313.7
2109.6,-13313.7
2109.6,-13313.7
2109.6,-13313.7
2109.7,-13313.6
2109.7,-13313.6
2109.7,-13313.6
2109.7,-13313.6
2109.7,-13313.6
2109.7,-13313.5
2109.7,-13313.5
2109.7,-13313.5
2109.7,-13313.5
2109.7,-13313.5
2109.7,-13313.5
2109.7,-13313.5
2109.7,-13313.5
2109.7,-13313.5
2109.7,-13313.5
2109.7,-13313.5
2109.6,-13313.8
2111.3,-13315.5
2111.9,-13317.2
2114.4,-13320.1
2116.7,-13323.2
2119.9,-13327.3
2124.1,-13332.4
2129.0,-13338.3
2134.0,-13344.3
2139.0,-13350.1
2144.0,-13355.8
2149.1,-13361.6
2154.2,-13366.8
2159.5,-13371.9
2163.9,-13376.0
2167.5,-13379.2
2172.3,-13382.5
2174.6,-13385.8
2176.3,-13390.7
2175.5,-13396.1
2172.8,-13403.2
2168.6,-13410.9
2164.3,-13419.1
2159.8,-13427.6
2155.3,-13436.4
2150.8,-13444.8
2145.5,-13452.3
2141.6,-13459.6
2138.9,-13466.6
2135.4,-13472.6
2132.3,-13477.6
2130.9,-13481.3
2129.2,-13482.6
2129.0,-13483.2
2128.9,-13483.5
2128.7,-13484.0
2128.4,-13484.7
2126.7,-13486.1
2125.8,-13488.4
2124.8,-13491.1
2122.4,-13493.9
2120.9,-13498.1
2119.0,-13502.9
2115.9,-13508.0
2112.5,-13513.9
2109.8,-13520.8
2106.0,-13527.8
2100.9,-13534.6
2098.0,-13542.3
2092.8,-13549.3
2088.5,-13557.7
2083.8,-13566.8
2078.9,-13576.2
2074.1,-13585.8
2069.5,-13594.7
2065.1,-13603.4
2060.6,-13611.8
2056.1,-13620.4
2051.5,-13629.4
2046.7,-13638.6
2041.9,-13648.1
2037.1,-13657.5
2031.4,-13666.0
2027.0,-13674.4
2020.8,-13681.2
2013.9,-13686.5
2008.4,-13691.5
2002.1,-13695.5
2000.0,-13701.1
1999.0,-13706.6
2000.3,-13712.9
2000.0,-13719.9
1998.3,-13727.3
1995.4,-13735.2
1989.8,-13743.1
1985.0,-13753.0
1979.7,-13763.4
1974.2,-13774.7
1969.4,-13787.2
1963.4,-13799.8
1958.2,-13813.3
1954.3,-13826.9
1951.5,-13840.5
1947.8,-13853.6
1946.1,-13867.3
1943.5,-13880.4
1943.2,-13894.0
1943.3,-13906.4
1947.0,-13918.6
1951.3,-13929.6
1957.8,-13941.1
1964.1,-13953.0
1971.4,-13965.7
1976.5,-13977.7
1982.7,-13990.0
1988.9,-14002.3
1994.0,-14014.4
2000.1,-14026.9
2005.0,-14039.5
2011.0,-14052.4
2016.0,-14064.7
2018.5,-14077.0
2018.6,-14089.5
2016.2,-14102.2
2014.5,-14115.8
2010.8,-14129.0
2007.8,-14142.8
2004.8,-14157.2
2003.7,-14172.8
2001.2,-14188.9
1998.5,-14205.7
1995.4,-14223.3
1992.0,-14241.6
1989.5,-14261.0
1985.7,-14280.3
1981.9,-14299.8
1978.1,-14319.3
1975.4,-14339.3
1971.8,-14358.3
1968.2,-14377.1
1965.8,-14396.3
1963.4,-14415.2
1964.5,-14434.7
1966.0,-14453.1
1970.0,-14471.3
1975.3,-14489.4
1981.7,-14507.4
1987.1,-14525.2
1993.5,-14543.3
1999.0,-14561.1
2004.4,-14578.7
2010.7,-14597.2
2014.7,-14615.4
2018.3,-14634.6
2019.5,-14653.8
2020.3,-14673.9
2018.8,-14693.9
2017.9,-14715.4
2015.7,-14737.0
2014.4,-14759.6
2011.9,-14782.2
2010.6,-14804.9
2008.2,-14826.9
2006.1,-14848.4
2004.2,-14869.4
2003.5,-14890.2
2003.1,-14910.4
2003.9,-14930.6
2005.1,-14950.2
2006.3,-14969.2
2007.4,-14988.4
2009.4,-15008.7
2008.9,-15029.3
2008.1,-15050.6
2007.0,-15072.5
2003.5,-15094.3
1999.9,-15116.5
1997.3,-15139.6
1994.5,-15162.8
1991.8,-15185.7
1989.4,-15208.3
1986.9,-15230.6
1984.7,-15252.5
1982.4,-15274.5
1979.1,-15295.9
1977.1,-15317.3
1974.2,-15337.4
1971.9,-15356.4
1968.9,-15373.4
1966.8,-15388.7
1965.2,-15402.1
1963.2,-15413.8
1961.8,-15423.8
1960.9,-15432.8
1959.4,-15439.6
1960.6,-15446.0
1963.4,-15451.3
1967.4,-15456.4
1972.4,-15462.2
1977.3,-15468.2
1983.2,-15475.0
1988.9,-15482.3
1994.4,-15490.1
2000.7,-15498.7
2007.0,-15507.4
2014.6,-15516.1
2022.5,-15524.0
2030.5,-15531.6
2039.6,-15539.3
2048.7,-15546.9
2057.9,-15554.6
2066.1,-15561.6
2073.4,-15567.8
2081.0,-15573.1
2089.2,-15576.9
2098.8,-15579.9
2107.7,-15581.9
2117.9,-15583.9
2128.0,-15585.6
2137.2,-15586.7
2148.6,-15588.7
2158.9,-15590.1
2170.4,-15591.7
2180.8,-15592.8
2193.3,-15594.9
2205.8,-15597.1
2218.2,-15599.4
2229.3,-15602.0
2241.3,-15605.1
2253.4,-15608.5
2264.4,-15611.3
2275.5,-15614.0
2285.5,-15616.1
2295.6,-15617.9
2305.0,-15618.5
2314.8,-15618.4
2324.7,-15617.6
2334.8,-15616.4
2344.9,-15615.4
2354.8,-15614.5
2364.5,-15614.3
2372.9,-15614.4
2382.1,-15615.7
2390.7,-15618.3
2398.8,-15622.2
2406.5,-15627.4
2416.1,-15634.2
2425.4,-15641.3
2434.6,-15648.6
2444.9,-15656.6
2456.2,-15665.2
2467.5,-15673.8
2478.6,-15682.7
2488.6,-15691.1
2498.9,-15699.3
2507.0,-15706.3
2515.1,-15713.4
2522.3,-15720.0
2527.4,-15725.7
2531.3,-15731.0
2534.4,-15735.5
2538.1,-15738.5
2542.5,-15739.6
2546.4,-15738.7
2549.8,-15736.2
2552.3,-15732.7
2555.0,-15728.7
2558.8,-15724.9
2560.5,-15720.5
2563.2,-15716.7
2565.6,-15713.5
2567.9,-15710.6
2570.0,-15708.2
2571.1,-15705.5
2570.9,-15702.7
2569.4,-15700.4
2568.5,-15699.6
2568.5,-15699.6
2567.5,-15699.0
2567.5,-15699.0
2567.5,-15699.0
2567.5,-15699.0
2567.6,-15699.0
2567.6,-15699.0
2567.6,-15699.0
2567.6,-15698.9
2566.6,-15698.5
2566.6,-15698.5
2566.6,-15698.5
2566.6,-15698.5
2566.6,-15698.3
2566.6,-15698.3
2566.6,-15698.3
2566.6,-15698.3
2566.6,-15698.3
2566.6,-15698.3
2566.6,-15698.3
2566.6,-15698.3
2566.6,-15698.3
2566.6,-15698.3
2566.6,-15698.3
2566.6,-15698.3
2566.6,-15698.3
2566.6,-15698.3
2566.6,-15698.3
2566.6,-15698.3
2566.6,-15698.3
2566.6,-15698.3
2566.6,-15698.3
2566.6,-15698.3
2566.6,-15698.3
2566.6,-15698.3
2566.6,-15698.3
2565.7,-15697.8
2565.7,-15697.8
2565.7,-15697.8
2565.7,-15697.8
2565.7,-15697.8
2565.7,-15697.8
2565.6,-15697.9
2565.6,-15697.9
2565.6,-15697.9
2565.6,-15697.9
2565.6,-15697.9
2565.6,-15697.9
2565.6,-15697.9
2565.6,-15697.9
2565.6,-15697.9
2565.6,-15697.9
2565.6,-15697.9
2565.6,-15697.9
2565.6,-15697.9
2565.6,-15697.9
2565.6,-15697.9
2565.6,-15697.9
2565.6,-15697.9
2565.6,-15697.9
2565.6,-15697.9
2565.6,-15697.9
