x,y
0.0,0.0
-8.7,-16.2
-17.6,-32.7
-25.3,-49.8
-33.4,-67.4
-41.5,-85.3
-48.7,-104.0
-57.0,-122.1
-65.3,-140.5
-73.6,-158.8
-82.8,-176.4
-91.1,-194.5
-99.2,-212.4
-108.3,-229.7
-117.4,-247.1
-126.6,-264.4
-137.0,-281.7
-146.4,-299.7
-156.8,-317.2
-166.3,-335.6
-176.9,-353.4
-188.3,-370.4
-201.8,-386.3
-216.2,-401.7
-229.8,-417.6
-244.4,-433.4
-258.9,-448.9
-272.5,-465.1
-287.0,-480.5
-301.4,-495.6
-315.7,-510.5
-328.9,-525.9
-343.1,-540.5
-356.3,-555.8
-370.5,-570.4
-384.8,-585.1
-399.0,-599.9
-412.5,-615.7
-425.0,-632.4
-436.5,-649.7
-448.2,-667.2
-461.0,-684.5
-472.8,-702.3
-484.5,-720.2
-496.5,-738.4
-507.5,-757.3
-517.3,-776.5
-526.2,-796.5
-536.3,-816.1
-545.3,-836.3
-553.3,-856.9
-563.4,-876.8
-573.5,-896.8
-584.8,-916.3
-597.1,-935.6
-609.4,-954.8
-622.7,-973.5
-636.1,-992.2
-650.4,-1010.3
-664.4,-1027.8
-679.6,-1044.7
-693.7,-1062.3
-707.9,-1080.0
-723.1,-1097.1
-737.2,-1114.7
-751.2,-1132.0
-766.3,-1148.9
-780.4,-1166.6
-794.6,-1184.1
-808.6,-1201.6
-823.8,-1218.8
-837.9,-1236.5
-852.0,-1253.8
-867.1,-1270.9
-881.2,-1288.2
-897.0,-1304.1
-913.4,-1318.1
-930.5,-1330.7
-949.7,-1342.4
-967.8,-1354.3
-985.7,-1366.2
-1004.9,-1377.9
-1022.9,-1389.8
-1040.9,-1401.6
-1058.9,-1413.4
-1076.7,-1425.0
-1094.6,-1436.6
-1112.6,-1448.0
-1129.2,-1459.8
-1147.0,-1471.0
-1164.7,-1482.2
-1182.5,-1493.5
-1199.1,-1504.8
-1216.8,-1516.0
-1233.4,-1527.2
-1250.9,-1537.7
-1267.2,-1548.6
-1283.5,-1559.2
-1299.7,-1569.6
-1316.9,-1579.5
-1334.0,-1589.1
-1352.1,-1598.1
-1369.2,-1607.6
-1387.3,-1616.7
-1404.4,-1626.2
-1422.6,-1635.4
-1440.8,-1644.8
-1459.1,-1654.2
-1477.6,-1664.0
-1497.2,-1673.7
-1516.7,-1683.3
-1535.3,-1693.4
-1554.9,-1702.9
-1573.3,-1712.7
-1592.6,-1722.0
-1612.1,-1731.3
-1630.5,-1740.9
-1648.8,-1750.4
-1667.1,-1760.0
-1686.6,-1769.4
-1705.0,-1779.1
-1722.1,-1788.7
-1739.2,-1798.4
-1757.5,-1807.8
-1774.7,-1817.5
-1791.8,-1827.2
-1809.1,-1837.2
-1826.3,-1847.1
-1844.6,-1856.5
-1861.7,-1866.3
-1879.0,-1876.2
-1896.1,-1885.8
-1913.2,-1895.6
-1930.3,-1905.1
-1947.5,-1914.7
-1964.6,-1924.2
-1982.7,-1933.2
-1999.6,-1942.6
-2015.6,-1952.3
-2032.5,-1961.6
-2049.6,-1970.9
-2066.7,-1980.5
-2082.8,-1990.8
-2100.1,-2000.8
-2117.4,-2010.8
-2134.6,-2020.8
-2151.9,-2030.8
-2170.3,-2040.6
-2187.7,-2051.0
-2205.1,-2061.4
-2223.7,-2071.7
-2241.4,-2082.8
-2260.3,-2093.8
-2278.1,-2105.1
-2298.1,-2115.7
-2319.1,-2125.8
-2338.8,-2135.6
-2359.2,-2144.4
-2380.8,-2152.7
-2401.3,-2161.5
-2422.9,-2169.9
-2443.3,-2178.6
-2464.8,-2186.9
-2485.3,-2195.7
-2506.9,-2204.2
-2528.5,-2212.8
-2550.3,-2221.7
-2572.0,-2230.5
-2593.9,-2239.4
-2615.7,-2248.5
-2637.5,-2257.6
-2660.4,-2266.4
-2682.3,-2275.3
-2704.1,-2284.5
-2726.1,-2293.8
-2748.1,-2303.4
-2770.3,-2313.3
-2791.5,-2324.0
-2812.9,-2335.0
-2834.1,-2345.7
-2854.2,-2356.5
-2874.2,-2367.3
-2893.2,-2378.5
-2912.1,-2389.6
-2931.1,-2400.8
-2949.0,-2412.3
-2967.8,-2423.4
-2986.8,-2434.5
-3006.9,-2445.3
-3026.0,-2457.0
-3046.1,-2467.9
-3067.0,-2477.9
-3086.0,-2489.1
-3107.1,-2499.4
-3128.4,-2510.3
-3150.8,-2520.8
-3172.2,-2531.7
-3195.6,-2541.6
-3217.7,-2551.6
-3241.0,-2561.2
-3264.2,-2570.7
-3288.6,-2579.7
-3311.9,-2589.4
-3335.2,-2599.2
-3359.8,-2608.7
-3383.0,-2618.1
-3406.1,-2627.1
-3427.9,-2636.5
-3450.8,-2644.9
-3472.5,-2653.8
-3494.3,-2662.5
-3514.7,-2671.4
-3535.3,-2680.5
-3555.9,-2689.6
-3575.3,-2698.7
-3595.3,-2706.3
-3615.0,-2713.1
-3635.4,-2718.4
-3655.5,-2723.2
-3676.8,-2727.7
-3697.0,-2732.6
-3718.3,-2737.3
-3738.6,-2742.7
-3760.2,-2747.9
-3781.6,-2752.9
-3802.0,-2758.1
-3823.3,-2762.9
-3844.6,-2767.5
-3865.9,-2771.9
-3886.0,-2776.7
-3906.1,-2781.4
-3926.1,-2785.8
-3945.9,-2789.9
-3964.8,-2794.7
-3983.8,-2799.8
-4003.0,-2805.2
-4022.4,-2811.2
-4041.0,-2818.3
-4059.8,-2826.1
-4080.1,-2834.2
-4098.2,-2843.4
-4117.6,-2852.7
-4138.2,-2861.7
-4157.9,-2871.4
-4178.5,-2880.7
-4198.3,-2890.7
-4219.2,-2900.6
-4239.0,-2910.9
-4261.0,-2920.4
-4282.0,-2930.4
-4301.8,-2940.6
-4323.8,-2950.2
-4343.8,-2960.8
-4364.8,-2971.0
-4386.0,-2981.4
-4407.1,-2991.9
-4428.2,-3002.3
-4448.3,-3013.3
-4469.5,-3023.8
-4491.9,-3034.3
-4513.3,-3045.5
-4535.8,-3056.3
-4558.5,-3067.6
-4581.3,-3079.1
-4604.2,-3090.8
-4627.0,-3102.4
-4649.8,-3113.7
-4672.4,-3124.9
-4693.9,-3136.2
-4716.3,-3146.8
-4737.7,-3157.6
-4758.7,-3168.0
-4779.6,-3177.8
-4801.2,-3186.4
-4822.5,-3193.9
-4843.4,-3200.7
-4864.1,-3207.1
-4884.8,-3213.1
-4905.4,-3219.1
-4924.6,-3224.5
-4945.5,-3228.1
-4965.9,-3230.6
-4986.9,-3231.4
-5008.7,-3230.8
-5029.2,-3230.2
-5050.7,-3229.0
-5072.1,-3227.7
-5093.7,-3226.6
-5116.5,-3225.7
-5139.0,-3227.1
-5161.5,-3231.6
-5181.1,-3241.1
-5201.3,-3252.2
-5220.8,-3265.0
-5239.8,-3279.3
-5259.1,-3294.5
-5278.3,-3309.5
-5297.6,-3324.5
-5318.6,-3337.9
-5340.3,-3349.6
-5362.4,-3359.6
-5385.1,-3367.7
-5408.5,-3374.5
-5431.8,-3381.0
-5455.2,-3387.6
-5477.3,-3394.5
-5500.6,-3400.8
-5523.8,-3407.3
-5546.1,-3414.3
-5569.8,-3421.8
-5591.8,-3431.5
-5613.8,-3444.0
-5634.4,-3459.3
-5654.6,-3476.8
-5673.0,-3495.9
-5690.2,-3515.2
-5706.9,-3533.0
-5724.8,-3547.9
-5745.3,-3559.7
-5767.8,-3567.4
-5791.5,-3571.7
-5816.7,-3573.7
-5840.7,-3575.8
-5866.5,-3576.2
-5892.2,-3575.9
-5917.8,-3575.6
-5943.3,-3575.3
-5969.7,-3573.9
-5996.0,-3572.0
-6022.2,-3570.0
-6047.6,-3569.5
-6074.9,-3570.3
-6100.9,-3574.1
-6126.5,-3580.3
-6152.5,-3587.5
-6177.4,-3594.9
-6202.2,-3602.0
-6228.2,-3609.0
-6253.0,-3616.3
-6277.9,-3623.8
-6304.0,-3631.0
-6328.9,-3638.5
-6353.9,-3646.0
-6378.8,-3653.5
-6403.8,-3661.4
-6427.9,-3669.8
-6451.9,-3678.4
-6476.2,-3687.1
-6500.3,-3695.8
-6524.5,-3704.6
-6548.7,-3713.3
-6572.8,-3722.1
-6597.1,-3730.9
-6621.3,-3739.7
-6646.6,-3748.1
-6670.7,-3757.1
-6695.1,-3766.0
-6719.3,-3775.0
-6742.5,-3784.3
-6766.7,-3793.2
-6791.0,-3802.4
-6815.6,-3812.1
-6839.1,-3822.2
-6862.7,-3832.8
-6885.5,-3844.2
-6908.3,-3855.9
-6931.3,-3867.8
-6954.2,-3879.7
-6977.4,-3891.8
-6999.4,-3904.9
-7023.0,-3918.1
-7044.7,-3933.1
-7066.7,-3949.1
-7086.9,-3966.4
-7108.1,-3983.5
-7128.4,-4001.2
-7148.7,-4018.9
-7168.9,-4036.5
-7190.2,-4053.6
-7209.3,-4071.5
-7230.6,-4088.6
-7249.8,-4106.7
-7269.0,-4124.4
-7287.9,-4141.6
-7305.1,-4157.9
-7321.8,-4172.6
-7338.8,-4185.1
-7354.6,-4194.8
-7371.8,-4201.5
-7389.9,-4207.4
-7410.6,-4213.5
-7429.7,-4221.8
-7448.1,-4231.8
-7467.1,-4243.2
-7485.8,-4256.9
-7504.4,-4270.4
-7523.7,-4282.3
-7544.5,-4292.0
-7565.0,-4300.7
-7586.4,-4308.8
-7608.0,-4317.4
-7628.8,-4327.0
-7648.7,-4337.5
-7669.7,-4347.8
-7689.7,-4358.4
-7709.7,-4368.9
-7729.5,-4379.2
-7749.2,-4389.2
-7767.7,-4399.2
-7787.9,-4407.6
-7808.0,-4415.2
-7827.7,-4421.8
-7849.4,-4427.5
-7871.2,-4433.4
-7894.0,-4438.7
-7915.9,-4444.8
-7938.8,-4450.4
-7961.8,-4456.2
-7984.8,-4462.0
-8008.9,-4467.5
-8032.1,-4473.7
-8055.2,-4479.8
-8079.5,-4485.6
-8102.6,-4491.6
-8126.7,-4497.3
-8149.9,-4503.4
-8174.1,-4509.2
-8197.2,-4515.2
-8220.3,-4521.1
-8242.2,-4527.3
-8265.2,-4533.2
-8288.1,-4538.9
-8310.1,-4544.9
-8332.8,-4550.3
-8354.5,-4555.7
-8374.8,-4561.1
-8393.9,-4566.5
-8412.0,-4572.4
-8428.1,-4579.3
-8442.8,-4586.1
-8456.1,-4592.2
-8467.7,-4597.1
-8476.5,-4601.3
-8483.6,-4603.9
-8490.1,-4605.1
-8492.9,-4606.2
-8495.4,-4606.5
-8496.7,-4606.9
-8499.3,-4607.4
-8502.5,-4609.3
-8504.1,-4613.4
-8506.1,-4618.7
-8507.7,-4626.1
-8508.8,-4635.1
-8510.2,-4645.3
-8512.1,-4656.3
-8514.3,-4668.4
-8515.9,-4681.9
-8518.9,-4696.0
-8522.1,-4710.7
-8525.6,-4726.0
-8530.5,-4741.8
-8536.7,-4758.0
-8544.3,-4774.6
-8553.1,-4791.1
-8563.1,-4807.7
-8575.4,-4823.9
-8585.9,-4841.5
-8597.7,-4859.6
-8608.7,-4878.6
-8618.9,-4898.8
-8627.2,-4920.4
-8635.7,-4942.4
-8641.0,-4965.9
-8646.5,-4989.7
-8651.1,-5014.3
-8655.7,-5038.9
-8659.4,-5064.5
-8663.2,-5090.2
-8668.1,-5115.7
-8672.0,-5141.8
-8675.9,-5167.9
-8678.7,-5194.2
-8681.3,-5220.1
-8681.4,-5245.8
-8677.8,-5271.2
-8672.3,-5295.5
-8664.5,-5319.5
-8656.4,-5342.9
-8650.5,-5365.6
-8646.0,-5388.9
-8642.9,-5412.5
-8643.2,-5435.6
-8646.9,-5457.8
-8652.7,-5479.3
-8660.6,-5500.0
-8670.6,-5519.6
-8681.6,-5538.7
-8694.6,-5556.8
-8708.6,-5574.2
-8723.7,-5591.1
-8738.8,-5608.0
-8753.8,-5624.9
-8767.9,-5642.2
-8782.9,-5659.3
-8798.0,-5676.3
-8813.2,-5693.3
-8828.2,-5710.4
-8843.3,-5727.5
-8858.5,-5744.7
-8873.6,-5761.9
-8888.9,-5779.3
-8904.3,-5797.2
-8918.9,-5815.8
-8933.4,-5834.7
-8947.0,-5854.1
-8961.6,-5873.1
-8975.1,-5892.2
-8989.5,-5910.8
-9002.8,-5929.4
-9015.9,-5947.7
-9030.1,-5965.3
-9043.0,-5983.1
-9055.9,-6001.0
-9068.7,-6018.4
-9081.4,-6035.5
-9094.0,-6052.3
-9106.6,-6069.2
-9119.0,-6085.7
-9131.3,-6102.0
-9142.6,-6118.4
-9153.6,-6134.6
-9163.7,-6151.2
-9172.7,-6168.3
-9181.6,-6185.2
-9189.4,-6202.2
-9196.1,-6219.7
-9204.9,-6236.1
-9212.5,-6252.9
-9220.1,-6269.5
-9227.7,-6285.9
-9235.2,-6302.5
-9240.6,-6319.6
-9245.9,-6336.8
-9250.1,-6354.0
-9254.3,-6371.1
-9258.4,-6388.1
-9262.5,-6404.9
-9265.4,-6422.2
-9269.5,-6439.1
-9273.6,-6456.1
-9276.5,-6473.3
-9280.6,-6490.3
-9284.8,-6507.4
-9288.9,-6524.2
-9291.9,-6541.8
-9296.1,-6558.9
-9299.3,-6576.6
-9303.5,-6594.0
-9306.6,-6611.7
-9310.8,-6629.0
-9315.1,-6646.3
-9318.1,-6663.6
-9322.1,-6680.4
-9326.1,-6697.1
-9330.2,-6714.1
-9334.3,-6731.2
-9338.5,-6748.3
-9342.7,-6765.3
-9346.8,-6782.6
-9350.9,-6799.5
-9353.8,-6816.7
-9357.7,-6833.0
-9360.3,-6849.4
-9362.8,-6865.1
-9365.0,-6880.5
-9365.9,-6895.5
-9367.7,-6909.7
-9369.5,-6923.8
-9371.3,-6938.1
-9373.2,-6952.4
-9374.2,-6967.4
-9376.1,-6982.0
-9377.1,-6997.3
-9379.3,-7012.5
-9381.6,-7027.9
-9386.1,-7042.5
-9391.7,-7057.2
-9398.5,-7071.9
-9406.6,-7086.3
-9413.6,-7101.7
-9422.0,-7116.9
-9430.3,-7132.6
-9438.8,-7148.3
-9448.4,-7163.7
-9457.7,-7178.6
-9468.1,-7192.8
-9480.2,-7205.5
-9490.3,-7219.2
-9502.5,-7231.8
-9513.6,-7244.9
-9524.6,-7257.8
-9535.4,-7270.1
-9547.2,-7281.8
-9558.8,-7293.2
-9570.3,-7304.0
-9580.4,-7314.6
-9590.3,-7324.7
-9598.9,-7334.5
-9607.3,-7343.5
-9614.2,-7352.0
-9620.5,-7359.1
-9625.3,-7365.2
-9630.6,-7369.8
-9636.6,-7372.9
-9642.4,-7375.1
-9650.0,-7376.5
-9657.0,-7378.9
-9664.5,-7382.8
-9669.5,-7389.5
-9671.6,-7398.1
-9670.2,-7407.1
-9664.7,-7414.7
-9654.9,-7420.4
-9643.9,-7423.6
-9633.2,-7427.1
-9622.8,-7431.5
-9612.6,-7439.6
-9604.2,-7449.2
-9595.1,-7460.2
-9586.1,-7471.5
-9576.2,-7483.6
-9566.4,-7496.1
-9555.5,-7508.9
-9543.8,-7522.7
-9532.1,-7536.6
-9520.6,-7550.9
-9508.1,-7565.9
-9495.7,-7581.1
-9482.4,-7597.3
-9470.3,-7613.4
-9456.3,-7630.8
-9443.5,-7648.4
-9429.8,-7666.7
-9416.3,-7685.6
-9402.9,-7704.9
-9388.6,-7724.9
-9375.6,-7745.2
-9362.9,-7766.1
-9350.3,-7787.5
-9337.8,-7809.2
-9325.6,-7831.4
-9312.4,-7854.6
-9301.5,-7877.2
-9290.9,-7900.3
-9279.2,-7924.1
-9268.7,-7947.7
-9259.3,-7971.1
-9249.1,-7995.4
-9240.0,-8019.5
-9232.0,-8043.3
-9223.1,-8067.8
-9215.2,-8092.0
-9208.5,-8116.0
-9202.0,-8140.4
-9195.6,-8164.9
-9190.1,-8189.1
-9184.8,-8213.4
-9179.3,-8237.5
-9175.1,-8261.4
-9169.8,-8285.8
-9165.6,-8309.9
-9162.6,-8333.8
-9159.5,-8357.8
-9156.7,-8382.1
-9153.8,-8406.4
-9152.0,-8430.6
-9150.3,-8454.8
-9148.7,-8479.0
-9147.0,-8503.3
-9146.4,-8527.4
-9146.1,-8552.0
-9145.8,-8576.6
-9146.6,-8601.1
-9147.6,-8626.0
-9149.7,-8650.6
-9151.9,-8675.4
-9154.1,-8700.3
-9156.4,-8725.2
-9159.7,-8749.9
-9163.1,-8774.7
-9167.5,-8799.0
-9173.2,-8823.1
-9178.7,-8847.3
-9184.3,-8871.3
-9190.9,-8894.9
-9197.5,-8918.4
-9204.2,-8942.0
-9210.6,-8965.5
-9217.2,-8988.9
-9224.8,-9011.9
-9232.5,-9035.0
-9240.1,-9058.0
-9248.7,-9080.4
-9256.2,-9103.2
-9263.6,-9125.7
-9271.1,-9148.4
-9278.5,-9170.8
-9285.9,-9193.5
-9294.5,-9215.8
-9301.9,-9238.3
-9309.3,-9260.8
-9316.8,-9283.5
-9325.3,-9305.6
-9332.8,-9328.2
-9341.2,-9350.2
-9348.6,-9372.6
-9356.0,-9395.1
-9363.4,-9417.5
-9370.9,-9440.2
-9379.3,-9462.2
-9386.6,-9484.6
-9393.9,-9506.7
-9402.2,-9528.5
-9409.4,-9550.5
-9417.5,-9571.3
-9424.2,-9592.0
-9431.7,-9611.7
-9437.9,-9630.7
-9444.6,-9648.4
-9449.8,-9665.2
-9455.6,-9680.1
-9460.8,-9693.9
-9465.6,-9706.4
-9471.1,-9717.3
-9475.1,-9728.0
-9480.7,-9736.3
-9486.9,-9743.0
-9493.8,-9748.2
-9501.6,-9752.8
-9508.7,-9759.0
-9513.4,-9768.0
-9517.3,-9778.2
-9517.2,-9790.5
-9516.1,-9803.4
-9516.4,-9817.0
-9518.4,-9831.6
-9522.8,-9846.2
-9528.7,-9861.3
-9533.7,-9877.7
-9538.9,-9894.4
-9545.3,-9911.1
-9549.8,-9929.2
-9556.6,-9947.0
-9562.6,-9965.7
-9568.8,-9985.2
-9575.3,-10005.3
-9583.0,-10025.5
-9589.9,-10046.6
-9595.8,-10068.6
-9604.0,-10089.8
-9610.1,-10111.8
-9618.2,-10133.2
-9625.4,-10154.9
-9632.3,-10176.4
-9639.4,-10197.9
-9647.4,-10218.8
-9655.3,-10239.4
-9661.9,-10259.9
-9669.5,-10279.6
-9675.8,-10299.2
-9682.0,-10318.5
-9689.0,-10336.9
-9695.1,-10355.8
-9701.0,-10374.6
-9707.0,-10393.5
-9713.2,-10412.5
-9719.2,-10431.5
-9725.4,-10450.8
-9731.5,-10469.9
-9737.6,-10489.2
-9743.8,-10508.5
-9750.0,-10527.7
-9756.2,-10547.2
-9762.5,-10566.5
-9769.8,-10585.8
-9776.2,-10605.6
-9782.6,-10625.5
-9789.2,-10645.7
-9795.6,-10665.7
-9803.2,-10685.5
-9809.6,-10705.5
-9817.1,-10725.1
-9823.4,-10744.8
-9829.9,-10764.7
-9836.2,-10784.5
-9842.8,-10804.8
-9848.2,-10825.4
-9853.7,-10846.2
-9859.3,-10866.9
-9863.8,-10888.2
-9868.3,-10909.5
-9871.8,-10931.3
-9875.2,-10953.1
-9878.7,-10974.8
-9881.1,-10996.9
-9882.4,-11019.4
-9884.8,-11041.6
-9885.0,-11064.4
-9886.3,-11087.0
-9885.5,-11110.2
-9885.7,-11133.1
-9884.7,-11156.1
-9882.7,-11179.4
-9880.6,-11202.7
-9878.4,-11225.7
-9875.1,-11249.0
-9870.7,-11272.4
-9867.2,-11295.3
-9862.6,-11318.3
-9856.9,-11341.4
-9850.9,-11364.4
-9845.1,-11387.4
-9839.3,-11410.6
-9833.5,-11433.6
-9827.8,-11456.8
-9823.1,-11479.7
-9816.4,-11503.5
-9810.6,-11527.0
-9805.0,-11550.5
-9799.3,-11574.0
-9792.7,-11597.9
-9787.0,-11621.4
-9781.4,-11645.0
-9775.7,-11668.7
-9769.1,-11692.7
-9763.4,-11716.2
-9757.9,-11739.9
-9751.1,-11763.9
-9745.6,-11787.6
-9738.9,-11811.6
-9733.2,-11835.1
-9726.5,-11859.1
-9719.7,-11882.9
-9706.0,-11931.1
-9699.2,-11954.9
-9693.6,-11978.3
-9686.8,-12002.1
-9679.9,-12025.8
-9673.1,-12049.4
-9667.3,-12072.5
-9660.4,-12095.9
-9654.5,-12118.9
-9647.5,-12142.1
-9641.6,-12164.8
-9635.7,-12187.6
-9629.8,-12210.4
-9623.8,-12233.1
-9617.9,-12255.9
-9611.8,-12278.4
-9605.7,-12300.6
-9600.3,-12321.8
-9594.7,-12341.9
-9589.5,-12360.1
-9584.6,-12375.8
-9581.0,-12388.8
-9578.4,-12400.7
-9574.6,-12413.1
-9571.2,-12426.2
-9567.0,-12440.7
-9562.0,-12456.2
-9557.4,-12472.6
-9552.0,-12490.2
-9546.9,-12508.6
-9541.0,-12528.2
-9534.3,-12548.9
-9527.8,-12570.2
-9521.5,-12592.1
-9514.4,-12615.1
-9507.6,-12638.6
-9500.9,-12662.6
-9493.3,-12687.6
-9487.0,-12712.6
-9479.7,-12738.4
-9471.4,-12764.6
-9464.3,-12790.8
-9457.3,-12817.2
-9449.3,-12844.4
-9441.4,-12871.7
-9433.5,-12899.3
-9425.8,-12927.1
-9417.1,-12955.4
-9409.3,-12983.2
-9400.6,-13011.7
-9394.0,-13039.3
-9385.2,-13067.8
-9377.6,-13095.8
-9371.0,-13123.4
-9363.3,-13151.4
-9356.7,-13178.9
-9349.1,-13206.9
-9342.5,-13234.5
-9335.8,-13262.1
-9329.1,-13289.4
-9321.3,-13316.8
-9314.4,-13343.8
-9306.5,-13371.0
-9298.6,-13398.2
-9290.6,-13425.4
-9282.5,-13452.6
-9273.6,-13480.1
-9265.4,-13507.1
-9255.4,-13535.1
-9247.4,-13562.4
-9239.5,-13589.7
-9230.5,-13617.6
-9221.6,-13645.4
-9213.8,-13673.0
-9204.8,-13700.8
-9195.8,-13728.8
-9186.9,-13756.7
-9178.0,-13784.7
-9169.1,-13812.6
-9160.1,-13840.4
-9151.2,-13868.3
-9141.2,-13896.6
-9133.3,-13924.2
-9125.5,-13951.9
-9116.7,-13979.9
-9108.8,-14007.6
-9102.2,-14035.0
-9094.4,-14062.8
-9087.7,-14090.2
-9082.2,-14117.2
-9075.5,-14144.7
-9069.9,-14171.7
-9064.3,-14198.5
-9057.6,-14225.8
-9051.8,-14252.4
-9047.2,-14278.8
-9041.5,-14305.3
-9035.7,-14331.8
-9029.8,-14358.2
-9025.0,-14383.9
-9019.2,-14410.0
-9013.2,-14436.0
-9008.3,-14461.5
-9002.2,-14487.4
-8997.4,-14513.0
-8991.3,-14538.9
-8986.4,-14564.3
-8981.3,-14589.6
-8975.3,-14615.3
-8969.1,-14640.8
-8962.8,-14666.0
-8956.6,-14691.0
-8950.2,-14716.1
-8943.8,-14741.1
-8937.5,-14765.8
-8930.0,-14791.1
-8923.6,-14816.0
-8916.2,-14841.3
-8909.9,-14866.4
-8903.7,-14891.7
-8896.4,-14917.6
-8890.3,-14943.2
-8883.2,-14969.3
-8877.2,-14995.2
-8871.2,-15021.2
-8864.2,-15047.6
-8857.2,-15074.1
-8851.4,-15100.3
-8844.4,-15127.1
-8838.5,-15153.4
-8831.6,-15180.1
-8825.7,-15206.6
-8820.0,-15232.9
-8813.1,-15259.7
-8806.1,-15286.5
-8801.4,-15312.4
-8794.5,-15339.2
-8787.6,-15366.0
-8781.7,-15392.3
-8775.9,-15418.6
-8769.0,-15445.3
-8763.1,-15471.8
-8756.2,-15498.6
-8749.4,-15525.6
-8743.7,-15552.1
-8736.9,-15579.2
-8730.1,-15606.3
-8724.3,-15633.0
-8717.6,-15660.1
-8710.8,-15687.1
-8705.1,-15713.9
-8698.3,-15740.8
-8692.6,-15767.6
-8685.7,-15794.5
-8679.9,-15820.9
-8674.1,-15847.3
-8667.2,-15874.0
-8661.3,-15900.3
-8654.2,-15926.6
-8648.2,-15952.6
-8641.1,-15978.8
-8635.0,-16004.4
-8628.9,-16030.0
-8621.7,-16056.0
-8616.6,-16081.0
-8609.3,-16106.9
-8603.1,-16132.3
-8597.0,-16157.8
-8590.8,-16183.2
-8584.6,-16208.6
-8578.5,-16234.1
-8572.2,-16259.5
-8565.9,-16284.8
-8559.7,-16309.8
-8553.3,-16334.8
-8545.9,-16360.1
-8540.6,-16384.5
-8534.1,-16409.3
-8527.7,-16434.2
-8521.4,-16459.1
-8514.9,-16483.9
-8509.6,-16508.2
-8503.2,-16533.1
-8497.7,-16557.2
-8492.3,-16581.3
-8485.6,-16605.6
-8481.1,-16628.8
-8475.4,-16652.3
-8469.6,-16675.6
-8464.9,-16698.2
-8459.0,-16721.0
-8453.9,-16743.1
-8447.9,-16765.6
-8441.8,-16788.2
-8436.9,-16810.3
-8431.9,-16832.3
-8426.0,-16855.0
-8421.0,-16877.4
-8415.2,-16900.4
-8409.4,-16923.5
-8403.6,-16946.8
-8399.0,-16969.9
-8392.3,-16993.9
-8386.7,-17017.6
-8381.1,-17041.4
-8374.6,-17065.6
-8369.0,-17089.6
-8363.5,-17113.5
-8356.9,-17138.1
-8351.6,-17162.3
-8346.1,-17186.4
-8340.8,-17210.7
-8335.4,-17235.1
-8330.0,-17259.4
-8324.6,-17283.5
-8320.3,-17307.3
-8314.7,-17331.4
-8310.4,-17355.1
-8304.9,-17379.1
-8300.3,-17402.2
-8295.6,-17425.3
-8289.9,-17448.6
-8285.1,-17471.2
-8280.3,-17493.7
-8275.4,-17516.1
-8270.5,-17538.4
-8266.5,-17560.0
-8261.5,-17581.8
-8257.3,-17602.8
-8253.1,-17623.6
-8248.7,-17644.1
-8244.3,-17664.6
-8240.9,-17684.3
-8236.4,-17704.6
-8231.9,-17724.6
-8227.4,-17744.7
-8224.1,-17764.4
-8219.6,-17784.7
-8215.3,-17805.3
-8212.0,-17825.4
-8207.7,-17846.1
-8203.6,-17867.2
-8199.4,-17888.1
-8196.3,-17908.7
-8192.2,-17929.8
-8189.2,-17950.7
-8186.1,-17971.3
-8183.1,-17992.1
-8180.0,-18012.7
-8176.7,-18032.9
-8173.3,-18052.6
-8170.8,-18071.4
-8166.9,-18090.1
-8164.0,-18107.8
-8160.7,-18124.7
-8158.0,-18139.9
-8155.9,-18153.4
-8153.3,-18165.5
-8151.2,-18176.0
-8148.7,-18184.9
-8147.7,-18191.8
-8146.3,-18197.9
-8146.2,-18203.8
-8148.4,-18209.3
-8151.8,-18215.3
-8155.6,-18222.2
-8160.7,-18229.3
-8162.8,-18237.9
-8162.7,-18247.0
-8161.0,-18255.1
-8155.9,-18264.0
-8149.9,-18273.3
-8142.9,-18283.8
-8137.7,-18295.3
-8132.9,-18308.0
-8129.5,-18321.4
-8125.4,-18335.9
-8122.5,-18350.6
-8119.8,-18365.7
-8118.4,-18381.4
-8116.3,-18398.0
-8114.5,-18415.3
-8112.8,-18433.3
-8111.3,-18451.9
-8109.1,-18471.5
-8107.0,-18491.5
-8103.9,-18512.2
-8102.1,-18532.9
-8100.3,-18553.9
-8098.7,-18575.2
-8096.0,-18597.0
-8093.4,-18618.7
-8090.8,-18640.6
-8089.1,-18661.6
-8086.2,-18682.9
-8083.3,-18704.1
-8080.5,-18725.4
-8077.7,-18746.9
-8074.0,-18769.1
-8071.5,-18791.1
-8068.9,-18813.4
-8066.4,-18835.7
-8064.1,-18858.1
-8061.8,-18881.0
-8060.7,-18903.5
-8058.5,-18926.5
-8056.2,-18949.3
-8053.8,-18971.9
-8050.4,-18994.7
-8045.6,-19017.5
-8040.8,-19040.1
-8035.9,-19062.3
-8029.8,-19084.7
-8023.6,-19106.9
-8017.4,-19128.9
-8011.1,-19151.0
-8003.8,-19173.4
-7997.8,-19195.9
-7992.9,-19218.0
-7987.8,-19240.1
-7983.9,-19261.8
-7979.9,-19283.5
-7976.9,-19304.1
-7974.5,-19323.4
-7971.6,-19341.2
-7971.2,-19355.9
-7971.0,-19368.1
-7971.1,-19377.8
-7971.6,-19385.5
-7972.1,-19393.1
-7975.0,-19400.8
-7978.3,-19409.5
-7983.9,-19417.7
-7992.7,-19425.0
-8001.8,-19433.1
-8010.5,-19443.1
-8017.5,-19455.3
-8020.5,-19469.5
-8023.5,-19483.7
-8023.4,-19499.4
-8023.6,-19515.8
-8025.4,-19533.1
-8031.6,-19549.5
-8039.2,-19566.0
-8051.1,-19581.6
-8062.3,-19597.8
-8073.5,-19614.8
-8085.1,-19632.1
-8096.7,-19650.1
-8108.7,-19668.9
-8119.9,-19688.3
-8131.1,-19708.1
-8142.3,-19728.1
-8152.7,-19748.9
-8162.1,-19770.2
-8171.7,-19792.1
-8181.3,-19814.2
-8190.1,-19837.3
-8199.1,-19860.7
-8208.1,-19884.6
-8217.2,-19908.6
-8227.6,-19932.3
-8238.0,-19956.5
-8248.5,-19980.7
-8257.8,-20005.3
-8268.1,-20029.1
-8279.4,-20052.2
-8290.5,-20075.0
-8301.4,-20097.0
-8313.1,-20118.1
-8324.2,-20138.0
-8335.3,-20157.3
-8346.0,-20176.0
-8355.6,-20194.5
-8365.0,-20212.8
-8373.2,-20231.1
-8382.3,-20248.6
-8391.1,-20265.5
-8399.7,-20281.5
-8406.9,-20297.1
-8413.6,-20311.6
-8420.9,-20324.6
-8427.8,-20336.2
-8432.8,-20346.2
-8437.4,-20354.8
-8441.5,-20362.7
-8447.7,-20369.4
-8454.7,-20375.1
-8463.3,-20378.5
-8474.7,-20380.1
-8485.2,-20382.5
-8496.7,-20387.0
-8506.7,-20394.4
-8514.5,-20405.4
-8517.2,-20418.7
-8517.6,-20432.5
-8518.1,-20446.6
-8521.8,-20459.4
-8529.8,-20470.7
-8539.6,-20480.7
-8551.5,-20489.5
-8564.2,-20497.6
-8576.9,-20505.5
-8590.7,-20513.0
-8604.3,-20520.3
-8618.0,-20527.3
-8631.2,-20533.5
-8643.2,-20539.4
-8654.7,-20544.3
-8664.8,-20548.7
-8673.3,-20552.2
-8681.4,-20554.3
-8688.0,-20555.8
-8692.2,-20557.4
-8695.0,-20558.6
-8697.4,-20558.7
-8697.5,-20558.9
-8696.5,-20559.5
-8696.5,-20559.4
-8697.4,-20558.7
-8697.4,-20558.6
-8697.3,-20558.4
-8698.4,-20558.1
-8697.5,-20558.8
-8697.5,-20559.0
-8697.6,-20559.1
-8696.5,-20559.4
-8696.5,-20559.5
-8696.5,-20559.5
-8696.6,-20559.6
-8696.5,-20559.5
-8696.5,-20559.5
-8695.5,-20559.9
-8695.5,-20559.9
-8695.4,-20559.7
-8695.3,-20559.5
-8695.3,-20559.4
-8695.2,-20559.2
-8695.1,-20559.0
-8694.0,-20559.2
-8694.0,-20559.0
-8693.9,-20558.9
-8693.8,-20558.7
-8692.8,-20559.0
-8692.7,-20558.8
-8692.7,-20558.7
-8691.5,-20558.9
-8691.5,-20558.7
-8691.4,-20558.6
-8691.3,-20558.4
-8691.4,-20558.5
-8691.4,-20558.6
-8691.5,-20558.7
-8691.5,-20558.7
-8691.5,-20558.8
-8691.5,-20558.8
-8691.5,-20558.9
-8691.5,-20558.9
-8690.5,-20559.3
-8690.5,-20559.3
-8690.5,-20559.3
-8690.5,-20559.3
-8690.5,-20559.4
-8690.6,-20559.5
-8690.6,-20559.5
-8690.6,-20559.6
-8690.6,-20559.6
-8690.7,-20559.7
-8690.7,-20559.8
-8690.7,-20559.8
-8690.7,-20559.9
-8690.7,-20559.9
-8690.8,-20560.0
-8690.8,-20560.0
-8691.8,-20559.6
-8691.9,-20559.8
-8691.9,-20559.9
