x,y
0.0,0.0
0.0,-1.3
-0.3,-3.6
-0.5,-7.1
-0.6,-12.0
-0.1,-17.1
-0.3,-24.5
-0.5,-31.7
-1.5,-39.9
-4.0,-47.4
-8.6,-55.2
-13.7,-61.5
-19.8,-68.7
-26.0,-75.8
-32.4,-82.8
-38.8,-89.7
-45.7,-96.5
-52.7,-102.1
-59.5,-106.4
-66.3,-110.8
-72.8,-115.2
-79.1,-117.4
-85.0,-117.3
-90.5,-117.2
-94.6,-116.5
-98.4,-117.4
-100.5,-117.7
-102.2,-118.2
-103.3,-117.7
-104.2,-117.2
-105.2,-116.7
-107.1,-117.2
-108.6,-116.4
-110.0,-117.1
-110.8,-118.0
-111.3,-117.8
-111.4,-117.7
-111.5,-117.6
-111.7,-117.6
-111.7,-117.5
-111.8,-117.5
-112.0,-117.5
-112.0,-117.4
-112.1,-117.4
-111.8,-116.2
-111.8,-116.2
-111.7,-116.2
-111.8,-116.2
-111.9,-116.2
-112.0,-116.1
-112.1,-116.1
-112.2,-116.0
-112.3,-116.0
-112.4,-115.9
-112.0,-114.9
-112.0,-114.9
-112.1,-114.8
-112.2,-114.8
-112.2,-114.8
-112.3,-114.8
-112.3,-114.8
-112.4,-114.7
-112.4,-114.7
-112.5,-114.7
-112.1,-113.6
-112.1,-113.6
-112.1,-113.6
-112.1,-113.6
-112.3,-113.6
-112.3,-113.6
-112.3,-113.6
-112.3,-113.6
-112.3,-113.6
-112.3,-113.6
-112.3,-113.6
-112.4,-113.5
-112.4,-113.5
-112.4,-113.5
-112.4,-113.5
-112.4,-113.5
-112.4,-113.5
-112.4,-113.5
-112.4,-113.5
-112.9,-113.3
-114.5,-115.0
-115.9,-115.6
-118.6,-118.2
-121.0,-120.8
-122.9,-124.8
-123.2,-128.3
-122.2,-131.3
-121.8,-135.1
-120.9,-136.8
-120.6,-139.3
-120.7,-141.7
-121.6,-143.7
-124.0,-146.4
-127.8,-149.6
-132.0,-152.6
-136.7,-155.4
-142.2,-159.2
-149.2,-164.6
-155.8,-169.1
-162.7,-173.4
-170.2,-178.7
-178.3,-184.9
-185.8,-190.1
-193.4,-195.4
-201.3,-200.6
-209.8,-206.7
-219.0,-213.6
-228.3,-220.6
-237.1,-226.5
-246.3,-233.5
-255.6,-240.5
-265.1,-248.7
-274.2,-255.7
-283.2,-262.9
-291.6,-271.4
-299.3,-280.3
-305.9,-289.8
-311.4,-299.6
-315.7,-310.1
-319.1,-320.9
-321.8,-332.1
-325.0,-344.3
-327.5,-355.5
-330.3,-366.6
-333.4,-378.9
-336.2,-389.9
-339.3,-402.1
-342.7,-414.2
-346.4,-426.2
-350.4,-436.8
-356.0,-447.9
-362.4,-457.4
-370.1,-467.5
-378.0,-476.4
-386.4,-485.0
-394.6,-492.4
-404.4,-500.4
-412.8,-506.5
-421.7,-513.7
-430.0,-519.9
-438.4,-526.0
-446.1,-531.1
-454.0,-536.3
-461.8,-541.5
-468.5,-544.6
-475.1,-547.8
-481.5,-551.2
-487.5,-554.6
-492.8,-557.1
-498.0,-559.8
-502.6,-561.4
-507.3,-564.2
-511.3,-566.0
-514.5,-567.1
-517.5,-568.2
-520.1,-569.5
-522.2,-571.0
-523.4,-571.7
-523.6,-571.6
-523.6,-571.6
-523.5,-571.6
-523.4,-571.7
-522.8,-570.7
-522.8,-570.7
-522.6,-570.8
-522.6,-570.8
-522.6,-570.8
-522.4,-570.9
-522.4,-570.9
-522.6,-570.8
-523.7,-571.5
-526.1,-572.9
-528.1,-573.2
-530.6,-574.6
-533.1,-576.0
-535.4,-576.2
-538.4,-578.5
-540.1,-579.0
-541.4,-579.6
-542.9,-580.1
-543.9,-580.9
-544.4,-580.7
-544.5,-580.6
-544.5,-580.6
-544.7,-580.6
-545.5,-581.4
-546.2,-581.1
-548.3,-582.6
-550.3,-582.9
-552.8,-584.3
-555.3,-585.6
-557.5,-585.8
-560.0,-587.1
-562.3,-588.6
-564.8,-589.9
-567.2,-591.3
-570.1,-592.5
-573.2,-594.8
-575.7,-596.1
-578.8,-598.4
-581.0,-598.6
-584.0,-601.0
-586.1,-601.3
-589.0,-603.6
-591.5,-605.0
-593.8,-606.4
-596.6,-608.9
-598.5,-610.4
-599.7,-611.1
-600.8,-611.9
-601.6,-612.7
-602.6,-613.5
-602.9,-613.4
-603.5,-614.3
-603.5,-614.3
-603.5,-614.3
-603.5,-614.3
-603.6,-614.3
-603.8,-614.2
-604.4,-615.2
-604.4,-615.2
-604.4,-615.2
-604.4,-615.2
-604.4,-615.2
-604.5,-615.1
-604.5,-615.1
-604.5,-615.1
-604.5,-615.1
-604.5,-615.1
-604.5,-615.1
-604.5,-615.1
-604.5,-615.1
-604.6,-615.1
-604.6,-615.1
-604.6,-615.1
-604.6,-615.1
-604.6,-615.1
-604.6,-615.1
-604.6,-615.1
-604.6,-615.0
-604.6,-615.0
-604.6,-615.0
-604.6,-615.0
-604.6,-615.0
-604.6,-615.0
-604.6,-615.0
-604.6,-615.0
-604.8,-615.0
-604.8,-615.0
-604.8,-615.0
-604.8,-615.0
-605.3,-616.0
-605.7,-615.8
-607.1,-617.6
-608.2,-618.3
-609.9,-620.0
-612.1,-622.7
-614.5,-625.4
-616.9,-627.9
-619.8,-631.5
-622.0,-634.2
-624.5,-638.1
-626.9,-641.9
-629.5,-645.6
-632.4,-649.2
-635.7,-653.9
-639.1,-658.5
-642.8,-663.1
-647.0,-668.5
-651.5,-673.9
-656.9,-680.0
-661.9,-685.3
-667.2,-691.6
-672.0,-696.7
-676.1,-701.1
-680.8,-706.4
-685.2,-711.8
-689.0,-716.2
-693.0,-720.6
-696.8,-725.0
-700.9,-730.6
-704.5,-733.9
-708.3,-738.3
-712.0,-742.8
-714.9,-745.2
-718.6,-749.7
-721.2,-752.2
-723.9,-754.7
-726.9,-758.3
-729.2,-760.9
-731.4,-763.6
-733.6,-766.3
-735.7,-769.1
-737.5,-770.7
-739.9,-773.3
-742.8,-776.9
-745.6,-779.3
-748.4,-783.0
-750.6,-785.7
-752.5,-788.5
-754.1,-790.2
-756.3,-793.0
-758.0,-794.6
-760.1,-797.5
-761.4,-799.3
-763.4,-802.1
-765.2,-804.9
-767.0,-807.7
-768.7,-810.7
-769.9,-812.6
-772.0,-816.6
-773.5,-819.6
-774.5,-821.6
-775.9,-824.6
-777.1,-826.5
-778.6,-829.6
-779.7,-831.6
-780.8,-833.5
-781.9,-835.4
-783.0,-837.4
-784.0,-838.1
-785.6,-839.9
-787.2,-840.4
-788.9,-840.9
-790.1,-840.4
-791.7,-840.9
-792.6,-840.4
-793.6,-840.0
-795.0,-839.4
-796.9,-838.5
-798.9,-837.6
-801.1,-836.7
-803.4,-835.6
-805.5,-834.7
-807.8,-833.7
-809.9,-832.8
-812.0,-831.8
-814.5,-830.7
-816.9,-829.6
-819.0,-827.4
-821.4,-826.3
-823.8,-825.2
-826.0,-823.1
-828.6,-821.9
-831.3,-820.7
-833.6,-818.5
-836.3,-817.3
-839.1,-816.0
-841.7,-814.9
-844.0,-812.7
-846.7,-811.4
-849.3,-810.2
-851.8,-809.1
-853.7,-807.0
-855.7,-806.1
-857.7,-805.2
-859.4,-804.5
-861.3,-803.7
-862.7,-803.0
-863.3,-801.5
-864.7,-800.9
-866.0,-800.4
-867.1,-799.9
-867.7,-798.4
-868.5,-798.0
-868.9,-796.6
-869.9,-796.2
-870.6,-795.8
-871.8,-795.3
-873.6,-794.5
-875.0,-792.6
-876.7,-791.8
-878.5,-791.1
-879.8,-789.2
-881.7,-788.4
-883.6,-787.5
-885.5,-786.7
-886.9,-786.1
-887.7,-784.5
-888.5,-784.1
-888.8,-784.0
-888.9,-784.0
-888.9,-784.0
-889.0,-783.9
-889.0,-783.9
-889.0,-783.9
-889.0,-783.9
-889.1,-783.9
-889.1,-783.9
-889.2,-783.9
-889.2,-783.9
-889.3,-783.8
-889.7,-783.6
-890.5,-782.0
-893.1,-780.9
-896.1,-778.4
-900.1,-776.6
-903.9,-773.6
-908.5,-771.6
-911.9,-768.8
-914.4,-767.7
-914.9,-766.3
-915.0,-766.2
-915.0,-766.2
-915.1,-766.1
-915.3,-766.1
-915.6,-765.9
-916.8,-765.4
-919.2,-764.3
-922.2,-761.8
-926.2,-760.0
-929.9,-757.1
-933.8,-754.1
-938.2,-752.2
-941.6,-748.1
-945.2,-745.3
-948.7,-742.6
-951.5,-740.1
-953.6,-738.0
-955.5,-737.1
-956.8,-735.3
-958.4,-734.5
-960.2,-733.7
-962.2,-732.8
-963.8,-730.8
-966.0,-729.9
-968.0,-729.0
-969.8,-727.0
-972.0,-726.0
-974.5,-724.9
-976.6,-722.7
-979.2,-721.6
-981.7,-720.5
-984.6,-719.2
-986.9,-716.9
-989.1,-714.7
-991.7,-713.5
-994.6,-712.2
-997.1,-709.9
-1000.5,-708.4
-1003.5,-705.8
-1007.0,-704.3
-1010.1,-701.6
-1013.8,-700.0
-1016.8,-697.4
-1020.0,-696.0
-1022.7,-693.6
-1025.2,-691.2
-1027.9,-688.9
-1030.6,-686.3
-1033.5,-683.8
-1037.0,-682.3
-1040.0,-679.7
-1043.0,-677.2
-1045.7,-674.8
-1048.0,-672.4
-1049.0,-668.3
-1049.8,-664.3
-1049.9,-660.5
-1048.4,-655.1
-1047.2,-652.0
-1045.8,-648.9
-1044.5,-645.8
-1043.6,-643.8
-1042.8,-641.7
-1041.9,-639.6
-1041.6,-638.5
-1040.7,-636.5
-1040.2,-635.5
-1039.4,-633.4
-1038.1,-630.3
-1037.3,-628.2
-1036.3,-626.2
-1035.7,-625.2
-1034.7,-623.2
-1034.6,-623.3
-1034.5,-623.3
-1034.5,-623.3
-1034.4,-623.4
-1034.4,-623.4
-1034.3,-623.4
-1034.3,-623.4
-1034.2,-623.4
-1034.2,-623.4
-1034.1,-623.5
-1034.1,-623.5
-1034.0,-623.5
-1034.0,-623.5
-1034.0,-623.5
-1033.9,-623.6
-1033.8,-623.6
-1033.8,-623.6
-1033.5,-622.6
-1033.0,-621.5
-1032.6,-620.5
-1031.7,-618.5
-1030.6,-616.5
-1029.4,-614.6
-1028.1,-612.8
-1026.7,-610.9
-1025.9,-610.0
-1024.5,-608.2
-1022.9,-606.5
-1021.2,-604.8
-1019.3,-603.1
-1017.6,-601.5
-1016.0,-599.8
-1014.9,-599.0
-1014.2,-598.1
-1014.1,-598.2
-1014.0,-598.2
-1014.0,-598.2
-1014.0,-598.2
-1014.0,-598.2
-1014.1,-598.2
-1014.1,-598.2
-1014.2,-598.1
-1014.0,-598.2
-1012.5,-596.5
-1010.3,-593.8
-1008.6,-592.0
-1007.1,-590.3
-1004.9,-587.6
-1003.1,-585.9
-1000.9,-583.2
-999.1,-581.6
-996.8,-579.0
-994.2,-576.4
-991.1,-572.9
-988.3,-570.4
-985.0,-567.0
-981.7,-563.5
-978.4,-560.1
-975.6,-557.7
-972.5,-554.2
-969.8,-551.8
-966.6,-548.2
-963.1,-544.9
-959.0,-540.6
-954.9,-536.3
-950.5,-532.1
-946.4,-527.7
-942.4,-523.4
-938.3,-519.1
-934.3,-514.7
-929.8,-510.6
-924.7,-505.5
-919.0,-499.4
-914.4,-495.3
-910.6,-492.1
-906.8,-487.7
-904.2,-485.1
-901.5,-482.6
-899.5,-482.3
-897.4,-482.1
-895.7,-482.8
-895.1,-484.3
-894.4,-484.5
-894.3,-484.6
-893.7,-484.9
-893.3,-485.1
-893.1,-485.1
-892.5,-484.2
-893.3,-485.1
-894.4,-484.5
-896.3,-485.0
-898.7,-483.9
-900.4,-484.4
-902.6,-483.4
-904.2,-482.7
-906.8,-484.0
-907.8,-484.7
-909.4,-486.4
-909.9,-487.4
-911.2,-489.4
-912.4,-490.0
-918.8,-517.2
-890.3,-533.7
-875.4,-536.7
-873.6,-537.5
-869.4,-538.1
-866.7,-538.1
-863.8,-539.4
-860.5,-540.9
-854.0,-542.5
-848.7,-542.5
-846.6,-543.3
-846.0,-544.8
-844.4,-545.5
-845.7,-547.5
-846.7,-549.5
-848.0,-550.2
-851.4,-551.1
-856.5,-552.4
-860.1,-552.1
-865.8,-552.0
-870.9,-552.2
-873.0,-551.2
-873.1,-550.0
-871.0,-549.7
-868.2,-548.5
-865.4,-546.0
-863.4,-544.4
-864.0,-544.2
-862.9,-542.2
-862.4,-541.2
-860.1,-538.6
-858.9,-536.7
-857.2,-535.1
-856.0,-531.9
-852.9,-527.1
-850.9,-523.1
-851.0,-520.6
-849.7,-516.2
-850.7,-513.3
-852.2,-510.2
-853.8,-508.3
-856.8,-507.0
-860.6,-505.3
-862.7,-501.9
-865.6,-498.1
-869.2,-495.3
-873.1,-493.6
-875.8,-492.4
-879.4,-493.2
-882.0,-493.3
-885.5,-494.2
-888.6,-494.0
-891.3,-495.3
-894.7,-497.4
-898.2,-498.3
-900.1,-498.7
-901.1,-498.2
-901.4,-499.3
-900.7,-502.0
-899.8,-503.6
-899.0,-505.3
-897.0,-507.4
-894.7,-509.7
-888.5,-514.8
-882.8,-518.7
-878.5,-518.1
-875.4,-519.5
-872.1,-519.8
-871.8,-521.1
-884.3,-524.2
-889.4,-535.5
-883.6,-543.0
-888.0,-539.9
-889.2,-541.7
-887.7,-546.1
-884.4,-530.2
-880.4,-527.1
-880.5,-519.6
-879.3,-525.1
-878.0,-530.6
-876.7,-538.6
-874.9,-539.4
-873.6,-538.7
-874.2,-536.0
-876.1,-534.0
-876.8,-536.1
-877.2,-537.1
-876.1,-538.8
-876.1,-538.8
-874.5,-542.0
-873.5,-543.7
-872.9,-543.9
-872.2,-544.2
-872.0,-545.6
-872.3,-545.4
-905.7,-522.9
-918.4,-530.9
-913.0,-528.4
-915.5,-528.5
-914.3,-529.1
-914.6,-526.5
-913.5,-524.5
-914.5,-524.1
-915.8,-524.8
-903.1,-518.0
-900.2,-514.4
-900.0,-512.0
-897.8,-510.6
-897.5,-510.7
-896.1,-510.1
-895.5,-510.4
-897.1,-510.9
-895.5,-510.4
-894.0,-508.6
-891.5,-506.0
-888.8,-507.2
-886.6,-507.0
-885.5,-507.5
-885.3,-508.8
-888.1,-503.8
-883.7,-498.5
-879.9,-497.7
