x,y
0.0,0.0
6.8,-8.1
12.2,-15.9
18.4,-22.5
23.2,-28.9
27.1,-35.6
29.9,-43.0
31.7,-51.0
34.9,-59.0
39.0,-66.9
42.4,-75.6
47.0,-84.4
51.8,-93.6
55.5,-103.5
60.3,-112.7
63.8,-121.9
66.1,-131.0
66.1,-140.5
61.3,-150.1
54.8,-158.3
45.8,-166.1
36.6,-173.9
25.7,-183.0
15.7,-191.9
3.8,-201.9
-7.0,-211.7
-18.8,-222.0
-31.6,-233.1
-43.1,-244.3
-55.3,-256.6
-67.3,-269.7
-79.1,-283.4
-90.6,-297.9
-102.8,-313.4
-114.9,-329.7
-126.6,-346.4
-137.3,-363.3
-147.6,-380.8
-157.7,-398.8
-167.7,-417.3
-176.3,-436.1
-185.7,-456.2
-193.6,-476.8
-200.2,-497.7
-206.5,-519.6
-212.4,-542.2
-217.1,-565.1
-220.3,-588.4
-224.5,-612.5
-227.4,-637.0
-228.8,-661.6
-231.2,-687.3
-231.3,-712.7
-231.1,-738.6
-230.8,-764.9
-230.4,-791.4
-228.8,-817.8
-228.3,-844.7
-227.7,-871.8
-227.2,-898.6
-226.7,-925.4
-227.4,-952.2
-229.5,-978.9
-232.7,-1005.3
-235.1,-1031.0
-239.7,-1057.3
-244.5,-1083.3
-250.4,-1109.1
-257.6,-1135.1
-265.9,-1161.1
-273.5,-1186.0
-284.6,-1211.6
-294.8,-1235.6
-305.6,-1258.7
-317.5,-1281.6
-330.9,-1304.2
-343.4,-1326.0
-357.0,-1348.0
-369.5,-1369.4
-383.1,-1391.1
-396.8,-1413.1
-410.4,-1435.1
-423.9,-1456.9
-437.5,-1479.0
-452.1,-1501.6
-465.5,-1523.9
-480.1,-1546.7
-493.5,-1569.1
-508.0,-1592.0
-522.5,-1614.8
-536.0,-1637.3
-550.4,-1660.0
-564.9,-1682.9
-578.2,-1705.6
-593.6,-1729.2
-607.9,-1752.7
-622.1,-1776.4
-637.4,-1800.7
-651.3,-1824.7
-666.5,-1849.3
-681.4,-1874.2
-694.1,-1898.9
-707.3,-1924.8
-718.0,-1951.1
-728.5,-1978.3
-737.5,-2005.9
-745.3,-2033.4
-751.8,-2061.2
-758.2,-2089.3
-764.7,-2117.2
-772.3,-2145.3
-780.1,-2172.9
-789.3,-2200.1
-799.8,-2227.0
-811.7,-2253.4
-824.0,-2278.9
-837.3,-2304.7
-851.9,-2330.8
-865.5,-2356.2
-878.9,-2381.6
-891.5,-2406.6
-904.9,-2432.4
-915.8,-2458.1
-926.4,-2484.7
-934.5,-2511.4
-942.4,-2538.9
-948.9,-2566.7
-953.0,-2594.3
-956.8,-2622.6
-958.4,-2650.5
-959.7,-2679.0
-958.7,-2707.2
-957.6,-2735.7
-955.2,-2764.1
-952.8,-2792.7
-950.4,-2821.5
-946.9,-2850.0
-944.3,-2879.0
-941.7,-2908.0
-940.3,-2937.2
-938.9,-2966.4
-939.9,-2995.8
-942.2,-3025.1
-946.9,-3054.4
-951.7,-3083.4
-958.8,-3112.7
-965.0,-3141.5
-973.3,-3170.8
-980.7,-3199.8
-987.9,-3228.9
-996.1,-3258.6
-1003.2,-3288.0
-1011.4,-3318.1
-1019.5,-3348.2
-1026.4,-3378.0
-1034.5,-3408.2
-1042.6,-3438.3
-1050.7,-3468.3
-1057.7,-3497.9
-1066.0,-3527.8
-1074.1,-3557.6
-1082.4,-3587.2
-1090.7,-3616.7
-1099.3,-3645.8
-1107.8,-3674.7
-1117.5,-3703.7
-1127.4,-3732.4
-1137.3,-3761.1
-1147.2,-3789.6
-1158.2,-3818.4
-1168.3,-3846.6
-1179.6,-3874.8
-1190.8,-3903.1
-1202.2,-3930.9
-1213.6,-3958.8
-1225.0,-3986.7
-1237.6,-4014.8
-1250.2,-4042.5
-1263.0,-4070.0
-1276.9,-4097.8
-1289.8,-4124.9
-1303.8,-4152.2
-1318.1,-4179.3
-1332.3,-4206.2
-1345.6,-4232.3
-1360.1,-4258.6
-1374.7,-4284.3
-1389.4,-4310.0
-1404.3,-4335.2
-1419.2,-4360.2
-1435.3,-4385.4
-1450.4,-4409.8
-1465.6,-4434.1
-1482.0,-4458.4
-1498.5,-4482.6
-1513.9,-4506.3
-1530.5,-4530.3
-1545.9,-4554.0
-1562.5,-4578.0
-1579.0,-4602.2
-1594.3,-4626.1
-1609.6,-4650.0
-1626.1,-4674.1
-1642.6,-4698.3
-1659.1,-4722.5
-1674.6,-4746.0
-1689.9,-4769.8
-1706.4,-4794.1
-1722.9,-4818.3
-1738.2,-4842.4
-1754.6,-4866.6
-1770.0,-4890.5
-1786.4,-4914.8
-1802.9,-4939.0
-1819.4,-4963.3
-1835.7,-4987.6
-1852.3,-5011.8
-1868.7,-5036.0
-1885.2,-5060.3
-1901.7,-5084.3
-1918.2,-5108.4
-1934.9,-5132.1
-1951.4,-5156.2
-1967.9,-5180.3
-1984.4,-5204.5
-2000.8,-5228.8
-2016.1,-5252.9
-2032.4,-5277.5
-2047.5,-5301.9
-2063.9,-5326.6
-2079.2,-5350.5
-2095.8,-5374.3
-2112.8,-5397.3
-2129.9,-5419.8
-2148.4,-5441.9
-2166.0,-5463.1
-2186.1,-5484.3
-2205.2,-5504.6
-2224.7,-5523.9
-2245.5,-5543.1
-2266.6,-5561.8
-2287.9,-5579.8
-2309.4,-5597.1
-2331.2,-5613.6
-2353.3,-5629.6
-2376.7,-5645.3
-2400.3,-5660.4
-2422.9,-5674.6
-2447.0,-5688.6
-2472.4,-5702.4
-2497.0,-5714.9
-2522.9,-5727.4
-2548.9,-5739.3
-2575.4,-5750.3
-2602.0,-5760.7
-2629.0,-5770.2
-2655.0,-5779.0
-2682.3,-5788.0
-2708.3,-5796.6
-2734.3,-5805.6
-2760.1,-5814.8
-2785.7,-5824.6
-2811.1,-5835.1
-2836.1,-5846.5
-2860.9,-5858.7
-2884.3,-5870.9
-2907.5,-5883.9
-2931.4,-5898.1
-2955.1,-5913.3
-2977.2,-5929.1
-3000.0,-5946.1
-3022.7,-5963.7
-3044.1,-5981.5
-3066.2,-6000.4
-3087.0,-6019.9
-3107.4,-6040.1
-3127.5,-6061.2
-3146.3,-6082.7
-3164.7,-6104.8
-3181.9,-6127.1
-3199.0,-6149.7
-3216.2,-6172.1
-3231.3,-6193.2
-3247.6,-6214.4
-3262.9,-6235.3
-3279.3,-6256.4
-3294.6,-6277.1
-3308.8,-6297.3
-3324.2,-6317.8
-3338.4,-6338.2
-3351.4,-6358.5
-3364.4,-6379.0
-3377.2,-6399.8
-3388.7,-6420.8
-3400.1,-6442.1
-3409.1,-6463.0
-3419.2,-6484.2
-3429.4,-6505.8
-3439.5,-6527.1
-3449.7,-6548.3
-3458.7,-6569.2
-3468.9,-6590.8
-3478.9,-6612.3
-3489.0,-6633.7
-3499.1,-6655.1
-3510.5,-6676.5
-3522.0,-6697.5
-3533.6,-6718.1
-3546.5,-6738.8
-3559.5,-6758.9
-3572.8,-6778.5
-3587.3,-6797.9
-3602.1,-6816.8
-3618.2,-6835.4
-3634.5,-6853.3
-3652.3,-6870.8
-3670.2,-6888.1
-3689.3,-6905.2
-3707.3,-6921.8
-3726.7,-6938.3
-3747.4,-6954.4
-3767.4,-6969.2
-3788.8,-6983.8
-3810.0,-6998.3
-3830.2,-7012.5
-3850.5,-7026.9
-3871.8,-7041.4
-3892.0,-7055.5
-3912.3,-7069.7
-3933.5,-7084.5
-3953.6,-7099.1
-3974.8,-7114.2
-3996.9,-7129.8
-4018.0,-7145.1
-4039.9,-7161.3
-4061.7,-7178.1
-4083.2,-7195.5
-4104.4,-7213.6
-4124.3,-7232.0
-4144.0,-7250.9
-4163.5,-7270.4
-4182.9,-7290.0
-4201.1,-7309.4
-4219.2,-7329.4
-4236.2,-7349.1
-4254.1,-7369.5
-4270.8,-7389.7
-4286.2,-7409.9
-4301.6,-7430.5
-4315.7,-7451.2
-4329.6,-7472.2
-4342.3,-7493.4
-4355.9,-7515.2
-4368.6,-7536.6
-4381.0,-7558.5
-4392.0,-7580.7
-4402.9,-7603.2
-4413.7,-7626.1
-4423.3,-7648.9
-4433.9,-7672.4
-4442.2,-7695.4
-4451.4,-7719.2
-4460.5,-7743.3
-4468.5,-7767.3
-4476.3,-7791.6
-4484.1,-7815.9
-4490.7,-7840.2
-4498.3,-7864.8
-4506.0,-7889.4
-4513.7,-7914.1
-4520.4,-7938.1
-4529.2,-7963.4
-4535.7,-7987.6
-4543.4,-8012.4
-4551.0,-8037.2
-4558.6,-8062.1
-4566.1,-8087.1
-4573.7,-8111.9
-4581.4,-8136.8
-4589.0,-8161.5
-4595.6,-8185.9
-4603.3,-8210.4
-4610.0,-8234.5
-4617.6,-8259.4
-4624.1,-8284.1
-4629.3,-8308.7
-4634.3,-8333.8
-4638.1,-8359.0
-4640.7,-8384.3
-4643.1,-8410.1
-4643.2,-8435.3
-4644.3,-8461.2
-4643.3,-8486.3
-4641.1,-8510.9
-4640.1,-8536.0
-4636.8,-8560.6
-4633.5,-8585.2
-4629.1,-8609.4
-4623.7,-8633.2
-4618.1,-8657.4
-4611.3,-8681.3
-4604.6,-8705.4
-4597.7,-8729.7
-4591.8,-8754.7
-4585.9,-8779.7
-4579.9,-8805.0
-4574.9,-8830.8
-4568.7,-8856.6
-4562.6,-8882.5
-4556.3,-8908.4
-4550.0,-8934.3
-4543.8,-8960.1
-4537.7,-8985.8
-4531.5,-9011.5
-4526.5,-9037.3
-4520.6,-9062.4
-4515.8,-9087.7
-4510.0,-9112.5
-4504.4,-9136.8
-4498.8,-9161.1
-4491.1,-9184.4
-4483.4,-9207.6
-4474.6,-9230.3
-4465.0,-9252.3
-4455.6,-9274.0
-4444.9,-9295.3
-4434.4,-9316.4
-4423.9,-9337.5
-4412.3,-9358.3
-4400.8,-9378.9
-4388.2,-9399.1
-4375.6,-9419.2
-4363.0,-9439.4
-4351.4,-9460.2
-4339.7,-9481.2
-4329.0,-9502.7
-4319.3,-9524.8
-4310.6,-9547.5
-4302.9,-9570.6
-4297.5,-9594.6
-4292.0,-9618.7
-4287.4,-9643.2
-4285.2,-9668.3
-4282.9,-9693.4
-4281.8,-9718.8
-4281.7,-9744.7
-4282.6,-9770.8
-4283.7,-9797.1
-4285.5,-9824.2
-4286.3,-9850.9
-4288.1,-9878.2
-4291.0,-9906.1
-4292.6,-9933.8
-4295.3,-9961.9
-4298.1,-9989.9
-4302.0,-10018.0
-4305.2,-10045.1
-4310.7,-10072.2
-4316.6,-10098.4
-4323.9,-10124.1
-4332.7,-10149.1
-4342.9,-10173.6
-4354.6,-10197.3
-4366.6,-10220.1
-4380.3,-10242.2
-4394.1,-10263.4
-4410.6,-10284.5
-4426.2,-10304.4
-4444.3,-10324.3
-4463.8,-10343.6
-4483.9,-10361.5
-4506.5,-10379.1
-4528.5,-10395.3
-4553.2,-10410.9
-4577.4,-10424.6
-4604.2,-10437.8
-4630.4,-10449.4
-4658.3,-10459.6
-4686.9,-10468.4
-4715.0,-10475.2
-4744.4,-10481.3
-4774.1,-10487.1
-4803.9,-10492.6
-4833.8,-10498.1
-4863.6,-10503.4
-4893.4,-10508.8
-4923.2,-10514.2
-4953.1,-10519.6
-4983.0,-10524.7
-5013.1,-10529.6
-5043.3,-10534.0
-5073.6,-10538.1
-5104.2,-10541.4
-5134.1,-10543.6
-5164.2,-10544.9
-5195.8,-10545.8
-5225.7,-10544.6
-5256.1,-10542.3
-5285.7,-10538.2
-5316.8,-10534.1
-5346.9,-10529.3
-5375.8,-10524.1
-5405.7,-10519.7
-5435.6,-10515.3
-5465.3,-10511.3
-5494.7,-10508.2
-5523.5,-10506.6
-5551.8,-10506.4
-5580.6,-10508.0
-5609.0,-10510.6
-5636.9,-10514.3
-5664.5,-10519.2
-5691.7,-10525.1
-5718.3,-10532.1
-5745.7,-10540.8
-5771.5,-10550.2
-5796.8,-10560.8
-5821.6,-10572.7
-5846.0,-10585.5
-5869.2,-10598.9
-5892.9,-10613.5
-5916.3,-10629.3
-5938.1,-10646.0
-5960.4,-10664.3
-5981.3,-10683.3
-6001.9,-10703.4
-6021.9,-10724.7
-6040.4,-10746.9
-6058.4,-10770.1
-6076.1,-10794.7
-6092.1,-10820.0
-6106.7,-10846.3
-6120.8,-10873.5
-6133.4,-10901.3
-6144.6,-10929.9
-6155.4,-10959.3
-6164.8,-10989.5
-6171.6,-11019.8
-6178.2,-11050.6
-6184.7,-11081.9
-6191.2,-11113.0
-6196.7,-11143.6
-6203.4,-11174.4
-6210.0,-11205.1
-6216.7,-11235.8
-6223.4,-11266.4
-6230.1,-11297.1
-6236.9,-11327.5
-6242.7,-11357.1
-6249.6,-11387.1
-6255.6,-11416.5
-6262.7,-11446.1
-6269.8,-11475.3
-6277.3,-11504.2
-6286.0,-11532.7
-6296.0,-11560.9
-6306.4,-11588.3
-6318.1,-11615.4
-6330.1,-11641.8
-6342.2,-11667.7
-6355.6,-11693.9
-6367.9,-11719.4
-6381.2,-11745.3
-6394.5,-11771.4
-6407.8,-11797.5
-6422.2,-11824.0
-6435.6,-11850.1
-6450.0,-11876.4
-6464.6,-11902.6
-6480.2,-11929.2
-6494.7,-11955.4
-6510.3,-11981.9
-6526.2,-12007.8
-6542.1,-12033.6
-6559.3,-12059.2
-6576.8,-12084.1
-6595.6,-12108.9
-6614.5,-12133.1
-6633.7,-12156.7
-6653.1,-12179.7
-6674.0,-12202.2
-6696.2,-12224.4
-6718.7,-12245.6
-6741.6,-12266.0
-6764.7,-12285.9
-6789.1,-12305.5
-6813.8,-12324.4
-6838.6,-12343.0
-6863.5,-12361.5
-6888.4,-12379.6
-6913.3,-12397.7
-6938.3,-12415.9
-6964.3,-12434.8
-6989.1,-12453.2
-7014.0,-12471.7
-7037.8,-12489.8
-7062.6,-12508.1
-7087.6,-12526.3
-7111.5,-12544.0
-7136.4,-12562.0
-7160.4,-12579.8
-7184.2,-12597.6
-7208.1,-12615.3
-7232.1,-12632.8
-7256.0,-12650.4
-7279.9,-12668.1
-7302.5,-12685.8
-7326.0,-12704.5
-7348.2,-12723.2
-7369.2,-12742.1
-7390.0,-12761.5
-7410.5,-12781.5
-7430.8,-12802.3
-7449.7,-12823.1
-7467.3,-12844.4
-7485.7,-12866.8
-7501.9,-12888.6
-7519.1,-12911.0
-7535.0,-12933.3
-7552.0,-12956.3
-7567.8,-12978.9
-7583.7,-13001.4
-7600.6,-13024.4
-7616.5,-13046.9
-7632.3,-13069.7
-7648.1,-13092.5
-7663.9,-13115.3
-7679.6,-13138.0
-7696.6,-13161.1
-7712.4,-13183.8
-7728.1,-13206.8
-7744.8,-13230.5
-7760.4,-13253.8
-7777.1,-13277.4
-7792.8,-13300.3
-7809.7,-13323.6
-7826.7,-13346.5
-7841.5,-13368.5
-7858.5,-13391.4
-7873.4,-13413.2
-7889.4,-13435.5
-7904.4,-13457.0
-7919.4,-13478.4
-7934.5,-13499.7
-7949.7,-13520.8
-7964.8,-13541.9
-7980.1,-13562.9
-7995.4,-13583.7
-8010.6,-13604.7
-8025.7,-13625.7
-8040.9,-13647.0
-8056.2,-13668.0
-8071.4,-13689.1
-8087.5,-13710.7
-8102.7,-13732.0
-8118.7,-13754.0
-8134.7,-13776.1
-8151.8,-13798.8
-8167.6,-13821.4
-8183.5,-13844.0
-8200.5,-13866.9
-8217.3,-13890.1
-8234.2,-13913.3
-8252.1,-13937.1
-8268.9,-13960.7
-8286.6,-13984.7
-8303.3,-14008.4
-8321.0,-14032.6
-8338.7,-14057.0
-8356.3,-14081.5
-8375.0,-14106.5
-8392.6,-14131.0
-8411.3,-14156.3
-8429.7,-14181.5
-8447.3,-14206.6
-8465.8,-14231.9
-8483.2,-14257.0
-8500.7,-14282.0
-8516.8,-14307.0
-8531.8,-14332.3
-8546.2,-14358.6
-8559.3,-14385.3
-8569.9,-14412.1
-8580.3,-14439.6
-8588.2,-14466.9
-8594.9,-14494.2
-8601.3,-14522.5
-8605.3,-14550.5
-8609.0,-14579.2
-8611.6,-14607.8
-8614.0,-14636.7
-8615.5,-14665.0
-8618.0,-14693.4
-8619.8,-14721.1
-8621.5,-14748.4
-8623.5,-14775.5
-8624.5,-14801.5
-8625.7,-14827.3
-8627.0,-14852.7
-8628.5,-14877.8
-8630.2,-14902.1
-8631.2,-14925.0
-8632.7,-14946.5
-8634.8,-14966.6
-8635.6,-14983.5
-8636.2,-14997.9
-8636.7,-15009.0
-8638.2,-15017.8
-8641.5,-15025.1
-8647.1,-15032.4
-8651.6,-15039.7
-8654.5,-15047.6
-8657.1,-15056.7
-8657.2,-15065.9
-8656.9,-15076.1
-8657.4,-15087.5
-8660.0,-15099.8
-8662.5,-15112.2
-8667.1,-15125.6
-8671.7,-15138.9
-8676.2,-15152.5
-8682.7,-15167.1
-8689.3,-15181.7
-8696.8,-15196.8
-8704.3,-15212.2
-8712.9,-15228.2
-8722.3,-15244.8
-8731.7,-15261.6
-8742.1,-15279.0
-8751.5,-15295.9
-8761.8,-15313.4
-8772.3,-15330.9
-8783.5,-15349.2
-8794.9,-15367.3
-8806.2,-15385.5
-8818.4,-15404.6
-8830.8,-15423.1
-8845.5,-15442.3
-8860.2,-15461.4
-8876.1,-15480.7
-8893.0,-15500.1
-8909.1,-15519.1
-8926.4,-15537.7
-8944.1,-15555.6
-8963.3,-15572.3
-8983.2,-15587.6
-9003.2,-15602.2
-9023.2,-15617.1
-9043.0,-15632.2
-9061.7,-15647.3
-9081.0,-15664.1
-9098.7,-15681.9
-9114.6,-15701.1
-9131.2,-15721.6
-9146.7,-15741.6
-9164.4,-15762.8
-9182.4,-15782.9
-9201.1,-15801.2
-9221.5,-15818.2
-9243.3,-15834.9
-9263.9,-15851.5
-9285.4,-15868.9
-9306.9,-15886.4
-9328.4,-15903.8
-9349.8,-15921.5
-9371.2,-15939.1
-9392.6,-15956.8
-9414.1,-15974.3
-9434.5,-15991.4
-9455.8,-16009.2
-9476.1,-16026.6
-9497.6,-16044.3
-9517.9,-16061.4
-9539.4,-16078.7
-9559.9,-16095.7
-9581.4,-16113.2
-9601.8,-16130.1
-9623.3,-16147.4
-9643.8,-16164.4
-9664.1,-16181.7
-9685.6,-16199.3
-9705.8,-16216.9
-9727.0,-16235.2
-9747.1,-16253.0
-9767.2,-16270.8
-9786.3,-16288.0
-9805.4,-16305.2
-9823.6,-16321.5
-9840.9,-16337.0
-9856.1,-16351.5
-9871.5,-16365.4
-9886.0,-16378.6
-9899.4,-16391.0
-9912.0,-16402.5
-9923.5,-16413.5
-9934.2,-16423.8
-9944.9,-16433.9
-9953.6,-16442.6
-9960.6,-16449.7
-9967.9,-16455.9
-9974.7,-16460.2
-9982.3,-16462.2
-9989.7,-16461.7
-9998.5,-16460.7
-10007.1,-16460.1
-10014.9,-16462.0
-10022.6,-16466.8
-10027.3,-16473.7
-10031.1,-16482.5
-10034.7,-16492.2
-10039.1,-16502.6
-10044.8,-16513.3
-10051.4,-16524.2
-10059.4,-16535.2
-10067.3,-16546.2
-10076.3,-16557.4
-10085.4,-16568.7
-10095.5,-16580.3
-10106.6,-16592.5
-10117.6,-16605.1
-10129.5,-16618.2
-10141.6,-16631.4
-10154.7,-16644.7
-10167.9,-16657.7
-10181.2,-16670.7
-10194.5,-16683.8
-10207.7,-16697.1
-10220.8,-16710.1
-10233.2,-16722.4
-10245.7,-16734.1
-10256.4,-16744.3
-10267.3,-16753.9
-10276.4,-16761.5
-10285.2,-16767.0
-10293.6,-16770.5
-10302.5,-16772.4
-10312.8,-16773.7
-10323.4,-16774.4
-10333.9,-16775.2
-10345.2,-16777.5
-10354.6,-16781.2
-10364.2,-16787.5
-10373.5,-16795.1
-10382.6,-16802.7
-10394.5,-16809.7
-10407.1,-16814.5
-10421.5,-16818.1
-10436.2,-16820.7
-10451.3,-16822.7
-10466.3,-16824.7
-10482.3,-16827.5
-10497.2,-16829.2
-10514.5,-16832.0
-10530.6,-16834.2
-10545.5,-16836.3
-10561.2,-16839.7
-10575.3,-16844.1
-10589.6,-16850.9
-10602.0,-16860.0
-10612.1,-16871.3
-10620.5,-16884.3
-10625.2,-16897.6
-10628.1,-16912.2
-10627.5,-16926.3
-10624.7,-16940.3
-10619.5,-16953.9
-10612.3,-16966.3
-10602.2,-16976.9
-10589.3,-16985.2
-10575.8,-16992.1
-10561.6,-16997.7
-10546.6,-17001.9
-10530.7,-17005.4
-10514.8,-17009.0
-10500.7,-17014.2
-10487.2,-17021.0
-10476.3,-17030.6
-10466.9,-17042.3
-10460.5,-17055.9
-10456.0,-17070.9
-10453.5,-17087.1
-10450.7,-17103.9
-10447.7,-17121.5
-10443.2,-17139.6
-10439.5,-17158.8
-10436.8,-17178.7
-10433.0,-17198.5
-10429.9,-17219.1
-10426.7,-17240.4
-10423.3,-17262.0
-10419.6,-17284.4
-10416.9,-17307.6
-10412.8,-17331.2
-10409.6,-17355.8
-10406.1,-17380.9
-10402.4,-17406.7
-10398.4,-17433.1
-10394.2,-17460.2
-10391.0,-17487.9
-10386.7,-17515.2
-10383.6,-17542.7
-10380.6,-17569.8
-10378.8,-17597.2
-10376.8,-17624.6
-10374.9,-17652.1
-10374.0,-17680.2
-10372.9,-17708.8
-10371.7,-17737.8
-10371.3,-17767.6
-10369.7,-17797.4
-10370.2,-17828.3
-10371.9,-17859.5
-10373.5,-17890.6
-10376.3,-17922.0
-10380.1,-17953.7
-10384.2,-17984.8
-10389.5,-18016.0
-10394.9,-18047.0
-10400.3,-18077.8
-10405.8,-18108.5
-10411.4,-18139.0
-10418.1,-18169.8
-10424.9,-18200.1
-10431.9,-18230.2
-10439.9,-18260.4
-10448.2,-18290.2
-10456.5,-18319.8
-10465.1,-18349.0
-10474.6,-18378.4
-10484.4,-18407.4
-10495.5,-18436.7
-10505.4,-18465.2
-10516.6,-18493.7
-10527.8,-18522.2
-10540.4,-18550.4
-10551.8,-18578.4
-10563.3,-18606.2
-10574.7,-18634.0
-10585.1,-18661.6
-10596.5,-18689.3
-10608.1,-18717.0
-10619.6,-18744.5
-10631.2,-18772.2
-10641.7,-18799.3
-10653.3,-18826.8
-10664.8,-18854.4
-10675.3,-18881.5
-10686.9,-18909.1
-10698.5,-18936.4
-10710.2,-18963.7
-10722.0,-18990.5
-10735.1,-19017.5
-10749.5,-19043.9
-10763.0,-19069.7
-10776.6,-19095.0
-10792.6,-19120.6
-10806.4,-19145.1
-10822.6,-19170.4
-10837.7,-19195.0
-10854.0,-19219.8
-10870.3,-19244.8
-10885.4,-19269.3
-10901.6,-19294.5
-10916.5,-19319.5
-10932.7,-19344.7
-10948.8,-19370.1
-10963.8,-19395.1
-10979.9,-19420.2
-10995.9,-19445.6
-11012.1,-19470.9
-11027.2,-19495.7
-11042.2,-19520.6
-11058.4,-19545.7
-11073.4,-19570.5
-11089.6,-19595.6
-11103.5,-19620.2
-11118.4,-19645.4
-11133.1,-19671.1
-11146.7,-19696.5
-11161.2,-19722.8
-11174.4,-19749.2
-11187.5,-19776.0
-11200.5,-19803.3
-11212.1,-19830.6
-11224.7,-19858.8
-11236.0,-19887.0
-11247.2,-19915.8
-11256.9,-19944.6
-11266.7,-19973.9
-11277.4,-20003.9
-11285.7,-20033.6
-11293.9,-20063.5
-11302.0,-20093.8
-11308.9,-20123.9
-11315.8,-20154.2
-11322.5,-20184.8
-11329.3,-20215.3
-11336.1,-20246.0
-11342.8,-20276.6
-11348.5,-20306.7
-11355.3,-20337.3
-11363.1,-20368.3
-11368.9,-20398.1
-11375.7,-20428.6
-11382.5,-20459.1
-11389.4,-20489.4
-11396.1,-20519.9
-11403.0,-20550.1
-11410.0,-20580.1
-11418.3,-20610.1
-11427.7,-20640.2
-11436.3,-20669.0
-11447.6,-20697.6
-11458.2,-20724.4
-11469.2,-20750.1
-11480.5,-20775.0
-11492.1,-20799.2
-11503.9,-20822.6
-11517.1,-20845.9
-11529.5,-20868.0
-11544.2,-20890.4
-11557.9,-20912.0
-11573.9,-20934.3
-11589.0,-20955.7
-11604.2,-20976.8
-11621.8,-20998.2
-11638.4,-21018.5
-11656.4,-21038.8
-11674.6,-21058.6
-11694.0,-21078.3
-11713.6,-21097.5
-11733.5,-21116.2
-11753.3,-21134.6
-11774.4,-21153.2
-11794.4,-21171.2
-11815.6,-21189.7
-11836.9,-21207.7
-11858.2,-21225.7
-11879.4,-21243.9
-11900.6,-21262.3
-11921.7,-21280.6
-11942.9,-21299.1
-11964.0,-21317.6
-11985.1,-21336.2
-12006.2,-21354.7
-12027.2,-21373.4
-12049.4,-21392.4
-12070.4,-21411.2
-12091.5,-21429.7
-12112.6,-21448.4
-12134.7,-21467.5
-12155.7,-21486.2
-12177.8,-21505.3
-12198.8,-21524.1
-12219.9,-21542.7
-12242.1,-21561.7
-12264.2,-21580.9
-12286.2,-21600.4
-12307.1,-21619.4
-12329.2,-21638.9
-12351.2,-21658.1
-12374.3,-21677.9
-12396.3,-21697.3
-12418.5,-21716.4
-12440.6,-21735.6
-12462.6,-21754.9
-12484.6,-21774.4
-12506.6,-21793.8
-12529.7,-21813.7
-12551.6,-21833.3
-12573.7,-21852.8
-12595.7,-21872.1
-12617.8,-21891.4
-12639.9,-21910.6
-12661.9,-21929.9
-12685.1,-21949.6
-12707.0,-21969.1
-12729.1,-21988.5
-12751.1,-22008.1
-12773.0,-22027.4
-12795.2,-22046.7
-12818.2,-22066.5
-12840.3,-22085.8
-12862.4,-22105.1
-12884.5,-22124.3
-12907.6,-22144.1
-12929.7,-22163.4
-12951.7,-22182.8
-12973.7,-22202.3
-12995.7,-22221.8
-13017.6,-22241.3
-13039.7,-22260.6
-13061.8,-22279.8
-13084.9,-22299.7
-13106.9,-22319.2
-13128.9,-22338.7
-13151.9,-22358.6
-13173.9,-22378.3
-13195.8,-22397.9
-13218.8,-22418.1
-13241.8,-22438.2
-13263.7,-22457.7
-13287.8,-22478.2
-13309.8,-22497.9
-13332.8,-22517.9
-13355.7,-22538.1
-13378.7,-22558.2
-13401.7,-22578.4
-13424.7,-22598.6
-13447.7,-22618.7
-13469.6,-22638.5
-13492.6,-22658.6
-13515.6,-22678.9
-13537.5,-22698.5
-13559.4,-22718.0
-13582.5,-22738.0
-13604.6,-22757.4
-13627.6,-22777.3
-13649.7,-22796.5
-13671.8,-22815.8
-13694.9,-22835.5
-13717.0,-22854.7
-13739.2,-22873.9
-13761.3,-22892.8
-13784.8,-22911.7
-13808.6,-22929.6
-13832.6,-22947.1
-13856.9,-22963.9
-13882.3,-22980.6
-13907.1,-22996.2
-13933.0,-23011.6
-13958.2,-23025.8
-13986.0,-23040.1
-14011.7,-23052.9
-14038.7,-23065.7
-14067.1,-23078.2
-14094.5,-23090.1
-14122.1,-23101.1
-14151.2,-23111.6
-14179.5,-23121.1
-14209.0,-23130.4
-14237.8,-23138.5
-14267.9,-23146.3
-14297.2,-23153.0
-14326.8,-23159.2
-14357.6,-23165.2
-14387.6,-23170.0
-14417.9,-23174.3
-14447.4,-23177.4
-14477.9,-23180.8
-14507.6,-23183.5
-14537.1,-23186.2
-14567.8,-23189.3
-14597.4,-23192.1
-14627.0,-23195.1
-14655.4,-23197.7
-14684.7,-23200.7
-14714.3,-23203.8
-14742.7,-23206.3
-14771.1,-23208.8
-14799.6,-23211.1
-14829.2,-23214.0
-14857.5,-23216.9
-14885.8,-23219.7
-14914.1,-23222.5
-14942.4,-23225.4
-14970.5,-23228.8
-14998.4,-23232.3
-15025.6,-23235.1
-15052.8,-23240.6
-15080.0,-23246.4
-15108.0,-23253.3
-15135.8,-23260.8
-15162.2,-23268.5
-15189.4,-23277.3
-15215.3,-23286.5
-15242.1,-23296.6
-15268.6,-23307.4
-15293.8,-23318.4
-15319.8,-23330.5
-15345.4,-23343.7
-15369.7,-23357.2
-15394.7,-23371.7
-15419.7,-23386.5
-15444.6,-23401.6
-15468.2,-23416.6
-15492.9,-23432.4
-15517.5,-23448.2
-15542.1,-23464.0
-15565.7,-23479.3
-15590.3,-23495.0
-15615.0,-23510.5
-15638.7,-23525.6
-15663.4,-23541.0
-15687.0,-23556.1
-15711.7,-23571.8
-15735.3,-23587.1
-15758.9,-23602.3
-15782.4,-23617.7
-15806.0,-23632.8
-15830.7,-23648.2
-15854.4,-23663.4
-15878.1,-23678.3
-15901.8,-23693.2
-15925.5,-23708.3
-15949.1,-23723.3
-15972.7,-23738.6
-15996.2,-23753.9
-16019.8,-23769.1
-16043.6,-23783.9
-16067.2,-23798.9
-16092.0,-23814.0
-16115.7,-23829.0
-16140.4,-23844.6
-16164.1,-23859.8
-16188.7,-23875.5
-16213.4,-23891.2
-16238.0,-23906.8
-16262.7,-23922.4
-16287.3,-23938.2
-16313.1,-23954.3
-16337.9,-23969.8
-16363.8,-23985.4
-16388.5,-24000.9
-16415.5,-24017.1
-16440.1,-24032.8
-16465.8,-24049.3
-16491.1,-24066.3
-16515.2,-24083.5
-16540.2,-24101.9
-16563.6,-24120.6
-16586.7,-24140.5
-16608.4,-24161.1
-16629.6,-24182.5
-16650.6,-24204.6
-16670.4,-24226.7
-16689.9,-24249.5
-16708.1,-24272.6
-16726.1,-24296.1
-16743.7,-24320.8
-16760.0,-24345.6
-16774.9,-24370.7
-16789.7,-24396.3
-16804.1,-24422.8
-16818.3,-24449.9
-16830.0,-24477.0
-16842.6,-24505.2
-16852.8,-24533.2
-16863.8,-24562.4
-16872.4,-24591.4
-16880.8,-24621.1
-16888.9,-24651.3
-16894.7,-24681.2
-16900.3,-24711.5
-16905.9,-24742.1
-16910.2,-24772.4
-16914.7,-24802.8
-16919.1,-24833.1
-16922.4,-24863.1
-16926.7,-24893.6
-16931.2,-24923.8
-16935.7,-24953.8
-16939.2,-24983.5
-16943.7,-25013.5
-16948.3,-25043.3
-16951.7,-25073.0
-16956.3,-25102.9
-16959.8,-25132.3
-16964.4,-25162.1
-16969.2,-25191.6
-16973.9,-25220.9
-16978.7,-25250.1
-16984.8,-25279.3
-16991.1,-25308.1
-16997.4,-25336.6
-17005.9,-25365.5
-17013.7,-25393.6
-17022.6,-25421.8
-17032.7,-25449.9
-17043.1,-25477.4
-17054.8,-25504.8
-17066.5,-25531.9
-17079.5,-25559.0
-17092.7,-25585.5
-17107.0,-25612.3
-17121.5,-25638.7
-17137.3,-25665.0
-17153.0,-25691.1
-17170.2,-25717.2
-17187.4,-25742.8
-17205.8,-25768.6
-17223.3,-25793.5
-17241.9,-25818.7
-17260.6,-25843.7
-17278.3,-25868.4
-17296.9,-25893.5
-17314.5,-25918.3
-17332.0,-25943.0
-17349.6,-25967.8
-17368.3,-25992.9
-17385.9,-26017.5
-17404.7,-26042.3
-17422.3,-26066.9
-17440.0,-26091.3
-17456.6,-26115.3
-17475.3,-26140.1
-17493.1,-26164.5
-17509.6,-26188.5
-17528.4,-26213.3
-17545.1,-26237.3
-17562.8,-26261.5
-17580.5,-26285.8
-17598.2,-26310.0
-17615.0,-26333.7
-17631.8,-26357.2
-17649.7,-26381.0
-17666.6,-26404.2
-17683.5,-26427.5
-17700.5,-26450.5
-17716.3,-26473.3
-17733.3,-26496.2
-17750.3,-26519.2
-17767.2,-26542.3
-17783.0,-26565.0
-17800.0,-26588.2
-17816.9,-26611.4
-17832.7,-26634.0
-17848.6,-26656.3
-17864.8,-26678.4
-17881.0,-26700.1
-17896.3,-26721.0
-17910.7,-26741.0
-17926.3,-26760.8
-17941.2,-26779.6
-17955.0,-26797.7
-17968.7,-26816.0
-17981.5,-26833.8
-17995.4,-26851.8
-18007.3,-26868.8
-18020.4,-26885.4
-18034.8,-26901.8
-18047.4,-26917.0
-18060.0,-26931.5
-18072.0,-26944.9
-18083.1,-26957.0
-18092.5,-26967.2
-18101.6,-26975.3
-18109.2,-26980.6
-18117.3,-26984.5
-18123.6,-26986.9
-18128.0,-26988.0
-18132.5,-26988.8
-18138.5,-26988.9
-18144.7,-26988.3
-18151.0,-26987.5
-18157.8,-26985.5
-18162.7,-26988.1
-18165.5,-26993.4
-18165.3,-27000.2
-18164.9,-27007.8
-18163.1,-27015.6
-18162.4,-27023.8
-18165.0,-27032.7
-18170.1,-27041.6
-18175.3,-27050.5
-18180.0,-27060.1
-18184.4,-27070.8
-18187.4,-27081.9
-18189.4,-27092.7
-18192.6,-27103.2
-18197.3,-27113.2
-18201.2,-27121.8
-18205.7,-27129.0
-18209.5,-27134.9
-18211.6,-27138.6
-18213.2,-27140.6
-18214.0,-27141.6
-18214.0,-27141.8
-18213.9,-27141.9
-18214.7,-27142.9
-18216.4,-27145.3
-18218.7,-27148.6
-18220.8,-27152.5
-18222.6,-27157.2
-18225.2,-27162.9
-18226.2,-27169.6
-18224.8,-27176.4
-18222.2,-27183.5
-18217.5,-27189.3
-18211.1,-27193.7
-18203.9,-27196.7
-18195.3,-27197.2
-18187.2,-27196.5
-18178.3,-27194.5
-18170.4,-27193.1
-18161.4,-27191.5
-18153.1,-27191.1
-18145.4,-27192.4
-18139.0,-27196.5
-18136.0,-27204.4
-18135.3,-27212.6
-18135.6,-27221.3
-18136.7,-27231.1
-18137.6,-27241.3
-18139.4,-27252.7
-18140.0,-27263.9
-18140.5,-27275.3
-18140.9,-27287.0
-18140.1,-27298.6
-18136.9,-27310.1
-18133.8,-27321.7
-18129.4,-27333.2
-18126.1,-27345.0
-18121.7,-27356.5
-18117.4,-27367.8
-18114.4,-27379.0
-18110.4,-27389.3
-18107.7,-27399.9
-18103.7,-27410.3
-18099.7,-27421.1
-18095.5,-27432.0
-18092.3,-27443.7
-18087.8,-27455.5
-18084.2,-27468.0
-18080.7,-27480.6
-18077.0,-27493.5
-18073.4,-27506.1
-18068.9,-27518.1
-18065.3,-27530.4
-18060.9,-27542.4
-18057.4,-27554.6
-18052.9,-27566.2
-18048.7,-27577.5
-18044.5,-27588.6
-18040.4,-27599.4
-18036.3,-27610.1
-18033.3,-27621.2
-18029.4,-27631.6
-18025.7,-27641.2
-18022.7,-27649.2
-18020.9,-27657.0
-18018.4,-27663.9
-18017.1,-27670.0
-18016.6,-27674.8
-18016.3,-27678.5
-18015.2,-27681.5
-18014.0,-27684.7
-18012.7,-27688.3
-18011.1,-27692.4
-18010.3,-27697.8
-18008.0,-27703.7
-18005.5,-27710.5
-18002.5,-27718.0
-17999.6,-27725.9
-17996.5,-27733.9
-17993.3,-27742.3
-17988.9,-27750.9
-17984.2,-27760.0
-17978.4,-27769.0
-17973.4,-27778.9
-17967.4,-27788.7
-17961.2,-27798.4
-17956.2,-27808.4
-17950.2,-27817.9
-17944.2,-27827.2
-17938.3,-27836.5
-17932.4,-27845.8
-17926.3,-27855.5
-17920.1,-27865.5
-17913.9,-27875.4
-17908.7,-27886.0
-17903.5,-27896.4
-17898.1,-27907.3
-17892.8,-27918.4
-17887.2,-27929.7
-17882.6,-27941.9
-17877.9,-27954.2
-17873.2,-27966.7
-17868.5,-27979.1
-17864.8,-27992.0
-17861.2,-28004.7
-17857.5,-28017.6
-17853.9,-28030.3
-17851.5,-28043.2
-17847.8,-28055.8
-17844.3,-28068.5
-17841.7,-28081.5
-17838.2,-28094.0
-17835.8,-28106.9
-17832.3,-28119.2
-17829.9,-28131.9
-17827.5,-28144.6
-17824.1,-28156.8
-17821.6,-28169.6
-17819.2,-28182.4
-17816.6,-28195.5
-17815.2,-28208.8
-17812.8,-28221.5
-17810.3,-28234.2
-17807.9,-28247.1
-17805.5,-28260.0
-17802.8,-28273.1
-17800.2,-28286.6
-17796.5,-28299.5
-17793.8,-28313.1
-17789.9,-28326.5
-17787.0,-28340.5
-17783.1,-28353.9
-17779.2,-28367.2
-17776.7,-28380.5
-17773.1,-28392.9
-17769.8,-28405.1
-17766.5,-28416.8
-17763.5,-28428.0
-17762.0,-28438.3
-17758.4,-28447.5
-17756.2,-28456.8
-17754.0,-28465.6
-17751.0,-28473.6
-17749.2,-28481.4
-17746.9,-28487.6
-17745.7,-28493.9
-17743.4,-28500.2
-17740.6,-28507.4
-17738.6,-28515.8
-17736.5,-28524.5
-17736.5,-28534.2
-17733.7,-28544.4
-17731.1,-28554.6
-17729.6,-28565.0
-17728.1,-28575.4
-17725.7,-28584.7
-17724.4,-28594.6
-17721.1,-28603.2
-17719.2,-28611.2
-17717.9,-28618.0
-17716.9,-28623.9
-17716.4,-28628.4
-17715.3,-28631.2
-17715.6,-28633.4
-17715.2,-28634.7
-17714.9,-28635.3
-17715.9,-28636.0
-17715.9,-28635.9
-17715.9,-28635.9
-17715.9,-28636.0
-17715.9,-28636.0
-17715.9,-28635.9
-17715.9,-28635.9
-17715.9,-28635.8
-17715.9,-28635.8
-17715.9,-28635.8
-17715.9,-28635.9
-17715.8,-28636.2
-17715.7,-28636.5
-17715.6,-28636.6
-17715.7,-28636.5
-17715.7,-28636.5
-17716.7,-28636.9
-17716.7,-28636.9
-17716.5,-28637.4
-17717.0,-28639.3
-17715.9,-28642.3
-17715.5,-28646.4
-17716.0,-28651.4
-17717.5,-28657.0
-17720.4,-28662.1
-17725.6,-28667.3
-17733.3,-28672.2
-17740.3,-28676.3
-17748.4,-28680.3
-17757.6,-28684.4
-17766.9,-28688.3
-17777.4,-28692.8
-17787.7,-28697.3
-17798.1,-28701.8
-17808.3,-28706.5
-17819.7,-28711.8
-17829.9,-28716.4
-17841.5,-28721.0
-17854.1,-28725.9
-17865.7,-28730.4
-17878.4,-28735.4
-17890.0,-28739.8
-17901.6,-28744.1
-17912.2,-28747.9
-17921.9,-28751.2
-17929.2,-28753.8
-17935.2,-28754.1
-17939.7,-28754.7
-17942.2,-28757.4
-17946.3,-28759.7
-17947.7,-28762.3
-17948.7,-28765.8
-17948.3,-28770.0
-17946.4,-28775.1
-17945.2,-28781.3
-17942.5,-28788.4
-17939.8,-28795.5
-17937.3,-28802.4
-17933.7,-28808.3
-17929.2,-28814.1
-17923.6,-28819.1
-17919.4,-28824.0
-17916.7,-28828.0
-17913.0,-28831.3
-17910.6,-28834.6
-17908.3,-28837.6
-17905.1,-28839.7
-17899.1,-28839.6
-17893.9,-28837.5
-17889.2,-28834.1
-17881.0,-28827.1
-17873.6,-28821.0
-17866.4,-28814.7
-17860.3,-28808.6
-17852.4,-28801.0
-17844.2,-28793.6
-17836.2,-28786.1
-17828.5,-28778.0
-17820.7,-28769.9
-17811.7,-28761.9
-17802.5,-28754.1
-17792.6,-28745.3
-17784.7,-28737.4
-17776.9,-28729.4
-17769.1,-28721.3
-17760.9,-28714.3
-17752.7,-28707.4
-17747.2,-28702.9
-17739.7,-28697.5
-17732.0,-28695.4
-17724.3,-28693.5
-17716.0,-28693.0
-17706.6,-28692.6
-17698.1,-28692.7
-17689.5,-28693.1
-17679.9,-28693.1
-17669.6,-28691.5
-17659.6,-28689.4
-17648.4,-28686.9
-17639.1,-28686.1
-17629.8,-28685.3
-17620.6,-28684.4
-17612.4,-28683.7
-17605.2,-28683.5
-17600.4,-28683.5
-17597.1,-28685.8
-17595.7,-28689.5
-17593.9,-28694.3
-17592.7,-28700.6
-17592.3,-28708.2
-17591.8,-28715.9
-17592.1,-28724.6
-17590.2,-28732.8
-17589.3,-28741.6
-17587.2,-28750.1
-17586.3,-28758.7
-17585.6,-28767.1
-17586.0,-28775.4
-17585.7,-28782.6
-17584.7,-28788.3
-17583.0,-28792.8
-17580.8,-28795.7
-17576.8,-28796.8
-17571.7,-28797.3
-17567.5,-28799.0
-17562.7,-28802.0
-17558.6,-28806.8
-17554.0,-28812.7
-17550.0,-28819.7
-17544.9,-28826.7
-17540.7,-28834.8
-17536.2,-28843.4
-17530.6,-28852.0
-17524.8,-28860.8
-17518.9,-28870.1
-17511.9,-28878.9
-17505.9,-28888.3
-17498.9,-28897.3
-17493.0,-28906.5
-17486.2,-28914.9
-17480.7,-28923.3
-17474.4,-28930.3
-17470.5,-28937.1
-17467.2,-28942.8
-17464.2,-28947.7
-17461.5,-28951.6
-17461.1,-28955.9
-17462.0,-28959.8
-17464.4,-28962.8
-17468.2,-28965.5
-17473.4,-28967.7
-17478.7,-28969.4
-17483.2,-28970.1
-17488.0,-28970.2
-17491.0,-28968.5
-17492.9,-28966.6
-17493.6,-28964.9
-17494.0,-28963.8
-17493.2,-28962.9
-17493.2,-28962.7
-17493.3,-28962.6
-17493.3,-28962.5
-17493.3,-28962.5
-17493.3,-28962.3
-17493.3,-28962.3
-17493.4,-28962.3
-17493.4,-28962.3
-17493.4,-28962.3
-17493.4,-28962.2
-17493.5,-28962.1
-17493.5,-28962.0
-17493.5,-28962.0
-17493.5,-28961.9
-17493.5,-28961.9
-17493.6,-28961.8
-17493.6,-28961.8
-17493.6,-28961.7
-17493.6,-28961.7
-17493.7,-28961.6
-17493.7,-28961.6
-17493.7,-28961.5
-17493.7,-28961.5
-17493.7,-28961.5
-17493.7,-28961.4
-17493.8,-28961.3
-17493.8,-28961.3
-17493.8,-28961.3
-17493.8,-28961.3
-17493.8,-28961.3
-17493.8,-28961.1
-17493.8,-28961.1
-17493.8,-28961.1
-17493.8,-28961.1
-17493.8,-28961.1
-17493.8,-28961.1
-17494.9,-28961.4
-17494.9,-28961.4
-17494.9,-28961.4
-17494.9,-28961.3
-17494.9,-28961.3
-17494.9,-28961.3
-17494.9,-28961.3
-17494.9,-28961.3
-17494.9,-28961.3
-17494.9,-28961.4
-17494.9,-28961.4
-17494.9,-28961.4
-17494.9,-28961.4
-17494.9,-28961.4
-17494.9,-28961.4
-17494.9,-28961.4
-17494.9,-28961.4
-17494.9,-28961.5
-17494.9,-28961.5
-17494.9,-28961.4
-17494.9,-28961.4
-17494.9,-28961.4
-17494.9,-28961.4
-17494.9,-28961.4
-17494.9,-28961.4
-17494.9,-28961.4
-17494.9,-28961.3
-17494.9,-28961.3
-17494.9,-28961.3
-17494.9,-28961.3
-17494.9,-28961.3
-17494.9,-28961.3
-17494.9,-28961.3
-17494.9,-28961.3
