x,y
0.0,0.0
0.3,-1.1
-0.4,-1.8
-0.6,-3.6
0.5,-7.0
2.0,-10.3
5.3,-14.8
8.2,-18.3
11.0,-21.8
14.4,-26.3
18.6,-31.7
22.7,-37.0
26.6,-42.5
32.7,-50.7
39.0,-58.8
45.1,-66.9
50.1,-71.4
53.0,-75.0
59.7,-76.4
65.5,-80.1
72.7,-85.8
78.6,-91.0
86.7,-97.3
92.9,-100.8
100.2,-104.7
105.9,-108.7
112.5,-111.7
119.7,-114.3
127.3,-116.4
134.5,-117.4
140.9,-117.5
148.0,-118.6
154.2,-119.2
160.5,-120.9
167.7,-121.9
174.1,-120.6
180.1,-118.0
184.0,-112.9
184.7,-106.1
183.0,-100.0
177.3,-91.6
172.9,-83.3
168.3,-73.6
163.0,-63.3
157.1,-53.3
151.5,-44.7
144.5,-35.8
136.3,-26.4
127.9,-17.3
119.4,-8.2
110.7,0.6
101.0,10.2
91.9,20.2
82.7,30.3
74.0,40.6
65.2,51.0
56.8,61.7
48.8,72.8
41.0,84.1
33.4,95.5
25.9,107.0
17.7,119.6
10.4,131.4
3.4,143.3
-3.4,155.5
-9.7,168.1
-15.9,180.8
-22.0,193.7
-28.0,206.7
-34.0,219.7
-40.1,232.5
-46.4,245.2
-52.7,257.8
-60.1,271.0
-65.9,282.6
-71.7,294.2
-77.6,305.7
-82.7,316.3
-87.1,326.1
-91.9,335.5
-95.2,343.1
-97.8,350.0
-98.6,356.7
-98.4,364.7
-97.2,373.5
-96.8,384.6
-96.4,395.8
-97.5,408.5
-98.4,420.0
-100.0,432.5
-102.1,445.9
-104.0,459.6
-107.4,474.9
-110.9,490.3
-113.5,504.9
-117.0,520.2
-119.6,534.6
-122.4,549.2
-125.2,563.4
-128.2,577.7
-132.2,592.3
-135.5,606.4
-139.3,621.4
-142.0,635.8
-145.6,651.1
-148.9,666.5
-152.4,681.7
-156.2,696.8
-160.7,712.6
-165.6,728.2
-170.8,743.5
-176.3,758.5
-183.1,773.9
-189.4,788.1
-196.7,802.9
-203.7,816.5
-212.0,830.5
-221.0,843.9
-230.5,856.7
-240.6,868.8
-251.4,880.4
-262.7,891.5
-274.7,902.1
-286.4,911.4
-298.9,921.3
-311.7,931.1
-323.3,938.9
-335.2,946.3
-346.9,952.4
-358.5,957.1
-370.4,961.5
-382.0,964.6
-392.8,966.8
-403.9,969.0
-413.4,969.4
-421.8,969.2
-429.7,968.1
-437.4,967.1
-444.6,966.4
-452.1,967.2
-459.7,969.3
-466.8,971.9
-474.2,974.3
-481.9,974.8
-489.2,972.6
-493.8,965.3
-496.5,956.7
-498.8,948.3
-500.2,939.5
-502.5,931.1
-507.0,923.9
-514.9,921.2
-523.6,917.8
-533.2,916.5
-541.7,914.8
-550.2,913.1
-560.4,912.9
-573.4,914.6
-585.8,915.4
-597.0,915.8
-607.9,916.5
-620.4,918.8
-633.1,922.5
-642.6,924.4
-650.8,925.9
-657.8,927.1
-663.3,928.2
-666.9,929.4
-669.2,930.3
-672.4,931.8
-676.3,934.4
-680.1,938.6
-682.8,943.7
-683.5,949.2
-683.1,955.7
-683.1,964.9
-682.3,974.9
-680.6,985.7
-679.5,997.4
-678.2,1009.4
-677.3,1022.6
-675.8,1036.3
-673.8,1050.5
-671.3,1065.1
-669.5,1080.7
-667.9,1096.2
-665.4,1110.8
-663.6,1126.4
-661.7,1141.9
-660.1,1157.3
-657.7,1172.0
-656.1,1187.3
-654.1,1201.5
-651.7,1214.6
-650.5,1228.0
-649.0,1240.1
-647.3,1251.0
-646.1,1261.3
-645.3,1271.2
-645.1,1280.7
-644.6,1288.8
-643.9,1295.5
-644.0,1301.6
-644.1,1306.1
-643.9,1309.3
-643.3,1311.4
-643.3,1314.5
-642.8,1318.0
-643.7,1323.3
-643.7,1327.9
-645.8,1333.5
-649.1,1338.2
-654.6,1342.3
-660.6,1344.3
-668.4,1344.7
-678.2,1344.8
-688.8,1344.2
-699.8,1343.3
-710.4,1341.2
-721.5,1340.1
-732.5,1337.6
-744.7,1335.6
-758.0,1334.1
-772.4,1333.0
-785.8,1331.4
-799.3,1329.7
-813.1,1327.7
-827.2,1325.4
-842.7,1323.4
-858.7,1320.9
-875.0,1318.2
-893.2,1315.2
-911.0,1312.7
-928.9,1310.0
-946.4,1307.7
-962.7,1304.9
-978.2,1301.5
-994.2,1298.9
-1010.0,1296.6
-1025.9,1294.2
-1043.8,1291.7
-1060.9,1288.1
-1079.2,1285.1
-1096.3,1281.6
-1113.8,1277.8
-1131.9,1274.9
-1150.0,1272.0
-1169.0,1269.9
-1188.2,1267.7
-1206.7,1264.4
-1225.6,1260.8
-1245.5,1258.0
-1264.6,1254.2
-1285.6,1251.7
-1305.2,1247.5
-1326.4,1245.0
-1345.2,1241.4
-1364.6,1239.1
-1384.1,1236.4
-1404.5,1234.7
-1424.7,1232.9
-1445.1,1231.1
-1464.5,1228.5
-1484.8,1226.8
-1505.3,1224.8
-1524.9,1222.2
-1544.0,1218.5
-1563.2,1214.6
-1583.8,1211.0
-1603.2,1205.4
-1623.7,1198.9
-1643.7,1191.2
-1664.6,1182.7
-1684.1,1172.3
-1703.4,1162.2
-1722.7,1152.1
-1741.8,1142.1
-1760.8,1132.3
-1779.5,1122.7
-1798.2,1113.1
-1816.6,1103.9
-1835.6,1095.6
-1853.6,1086.7
-1873.0,1079.5
-1892.4,1072.2
-1912.7,1065.9
-1932.8,1059.7
-1953.9,1054.1
-1974.9,1048.6
-1995.2,1042.1
-2015.6,1035.7
-2036.7,1030.1
-2058.0,1024.3
-2079.4,1018.5
-2100.7,1012.7
-2122.2,1006.8
-2143.6,1000.9
-2164.9,995.1
-2186.1,989.4
-2207.4,983.6
-2228.6,977.9
-2249.1,971.4
-2270.3,965.6
-2291.5,960.0
-2311.9,953.6
-2332.0,947.2
-2352.6,942.1
-2372.2,936.4
-2391.7,930.7
-2411.1,925.1
-2430.4,919.6
-2449.0,913.3
-2468.4,907.7
-2487.4,902.5
-2506.4,897.2
-2525.4,892.0
-2544.3,886.9
-2563.8,882.7
-2582.7,877.7
-2601.6,872.5
-2621.6,867.9
-2641.1,862.2
-2661.6,857.2
-2682.1,852.2
-2703.2,848.1
-2724.1,844.2
-2744.9,840.4
-2765.7,836.7
-2786.6,832.9
-2807.7,830.3
-2828.4,828.2
-2849.4,827.3
-2871.1,827.3
-2892.4,827.9
-2914.1,829.4
-2936.4,832.2
-2958.1,835.2
-2979.2,837.5
-3000.9,840.6
-3022.7,843.7
-3044.4,846.8
-3067.0,850.7
-3088.8,853.9
-3111.0,858.1
-3132.1,861.8
-3153.8,866.6
-3175.1,871.6
-3196.8,877.9
-3217.6,884.9
-3237.4,891.5
-3258.2,900.2
-3277.8,908.4
-3298.0,917.6
-3318.6,928.0
-3338.3,937.8
-3358.8,948.2
-3378.5,957.8
-3398.9,968.5
-3419.5,979.0
-3440.0,989.5
-3460.7,999.8
-3481.2,1010.2
-3501.9,1020.7
-3522.6,1030.9
-3544.2,1042.1
-3564.9,1052.4
-3585.7,1062.7
-3606.1,1073.3
-3625.6,1083.1
-3644.9,1093.1
-3664.3,1103.2
-3683.5,1113.3
-3703.2,1124.5
-3723.1,1135.6
-3742.9,1146.8
-3763.4,1158.9
-3783.2,1170.0
-3804.1,1181.8
-3825.6,1194.5
-3846.3,1206.4
-3867.3,1218.1
-3887.9,1230.1
-3908.6,1242.0
-3928.7,1252.9
-3949.7,1264.5
-3970.4,1276.4
-3990.3,1287.5
-4010.8,1299.5
-4030.6,1310.8
-4050.1,1322.2
-4069.4,1333.8
-4088.3,1345.7
-4106.7,1358.2
-4124.3,1371.3
-4140.7,1384.2
-4156.5,1397.4
-4172.9,1411.8
-4188.2,1425.5
-4203.5,1439.2
-4219.1,1452.7
-4235.5,1466.9
-4251.3,1480.2
-4267.8,1494.3
-4283.7,1507.5
-4299.5,1520.8
-4315.6,1533.8
-4332.6,1547.6
-4348.7,1560.7
-4364.9,1573.5
-4381.1,1586.3
-4396.5,1598.4
-4412.1,1610.4
-4426.8,1621.5
-4440.7,1631.8
-4454.6,1642.1
-4467.8,1651.6
-4480.7,1661.3
-4493.4,1671.0
-4505.6,1679.9
-4518.4,1689.6
-4531.2,1699.3
-4544.2,1708.9
-4557.2,1718.4
-4570.6,1727.7
-4584.0,1736.9
-4597.6,1745.9
-4610.4,1754.2
-4624.1,1763.1
-4637.7,1772.0
-4651.5,1781.0
-4665.3,1789.9
-4678.4,1797.8
-4691.4,1805.6
-4704.6,1813.6
-4718.5,1822.3
-4731.7,1830.2
-4744.8,1838.0
-4758.0,1845.9
-4771.3,1853.6
-4784.7,1861.3
-4798.1,1869.0
-4810.7,1875.8
-4823.0,1882.8
-4836.1,1890.8
-4848.3,1898.0
-4860.7,1905.0
-4874.2,1912.5
-4887.4,1918.9
-4901.9,1925.5
-4915.8,1931.1
-4929.3,1935.6
-4943.2,1939.6
-4956.4,1941.3
-4970.3,1942.2
-4984.4,1941.6
-4998.8,1940.5
-5012.6,1938.5
-5027.7,1938.4
-5043.3,1939.3
-5058.4,1940.7
-5073.7,1942.1
-5089.8,1944.1
-5106.3,1945.7
-5122.3,1946.5
-5138.4,1947.0
-5155.5,1948.1
-5172.7,1949.2
-5190.0,1950.1
-5208.2,1951.9
-5226.6,1953.4
-5245.0,1954.8
-5263.7,1956.2
-5283.1,1958.2
-5302.7,1960.2
-5321.2,1961.7
-5339.5,1963.2
-5358.6,1965.7
-5376.0,1966.6
-5394.2,1968.2
-5412.3,1970.0
-5430.6,1971.7
-5449.0,1973.2
-5467.3,1974.7
-5485.6,1976.3
-5504.2,1977.7
-5522.7,1979.1
-5542.0,1981.4
-5560.5,1982.7
-5578.9,1984.2
-5598.1,1986.7
-5617.3,1988.9
-5635.6,1990.5
-5653.9,1992.2
-5672.0,1993.9
-5690.0,1995.8
-5708.1,1997.6
-5726.2,1999.5
-5744.1,2001.3
-5762.1,2003.3
-5780.0,2005.3
-5797.8,2007.3
-5815.8,2009.3
-5833.8,2011.1
-5852.3,2014.0
-5870.1,2016.0
-5887.8,2018.2
-5905.9,2021.5
-5923.1,2024.3
-5940.8,2027.8
-5958.5,2031.6
-5975.5,2034.4
-5993.3,2037.9
-6010.1,2040.9
-6027.7,2044.8
-6045.1,2048.7
-6062.9,2052.4
-6079.7,2055.3
-6097.3,2059.2
-6114.9,2062.8
-6132.7,2066.5
-6150.5,2070.2
-6168.4,2073.7
-6186.3,2077.2
-6204.1,2080.8
-6221.8,2084.5
-6239.5,2088.2
-6256.6,2090.9
-6274.4,2094.5
-6292.5,2097.9
-6310.5,2101.2
-6328.5,2104.7
-6347.5,2108.8
-6365.8,2112.0
-6384.1,2115.1
-6402.4,2118.3
-6421.4,2122.3
-6439.5,2125.6
-6457.8,2128.8
-6475.9,2132.1
-6494.7,2136.5
-6512.0,2140.3
-6529.2,2144.6
-6545.7,2149.4
-6562.0,2154.4
-6578.1,2159.5
-6595.2,2165.4
-6612.3,2171.3
-6629.7,2176.8
-6647.3,2182.1
-6665.7,2188.3
-6684.2,2194.4
-6702.6,2200.6
-6721.0,2206.7
-6738.4,2212.2
-6756.7,2218.5
-6773.5,2222.9
-6790.9,2228.6
-6808.2,2234.2
-6825.0,2238.8
-6842.6,2244.1
-6860.3,2249.3
-6877.2,2253.7
-6894.8,2259.1
-6912.4,2264.5
-6929.1,2269.1
-6947.0,2274.1
-6965.5,2278.7
-6983.4,2282.2
-7002.4,2286.3
-7020.7,2289.4
-7039.0,2292.6
-7057.5,2295.5
-7076.7,2299.4
-7095.1,2302.5
-7113.6,2305.6
-7132.7,2309.4
-7151.1,2312.5
-7170.3,2316.4
-7188.6,2319.6
-7207.5,2323.7
-7226.4,2327.9
-7244.4,2331.3
-7262.3,2334.8
-7280.1,2338.4
-7297.9,2342.1
-7314.9,2344.9
-7332.4,2348.7
-7348.7,2350.7
-7365.8,2353.2
-7382.9,2354.5
-7399.1,2353.2
-7415.8,2351.8
-7432.5,2350.3
-7448.8,2349.0
-7465.0,2347.8
-7481.7,2347.7
-7498.3,2347.7
-7514.9,2347.8
-7531.6,2347.8
-7548.3,2347.8
-7565.1,2347.7
-7581.1,2346.7
-7597.8,2346.7
-7615.2,2347.6
-7631.7,2347.7
-7648.1,2347.9
-7664.6,2348.0
-7681.2,2348.1
-7698.1,2347.9
-7714.9,2347.8
-7732.0,2347.4
-7749.9,2347.8
-7767.7,2348.3
-7785.8,2348.6
-7804.0,2348.8
-7822.4,2348.7
-7841.6,2349.5
-7860.9,2350.2
-7879.4,2350.1
-7898.6,2350.8
-7917.0,2350.8
-7935.2,2350.9
-7953.5,2350.9
-7972.9,2351.5
-7992.7,2351.8
-8011.8,2351.1
-8032.6,2351.9
-8052.9,2351.7
-8074.1,2352.2
-8094.6,2351.8
-8116.0,2352.1
-8137.5,2352.3
-8158.2,2351.8
-8179.7,2351.9
-8201.2,2352.1
-8222.0,2351.5
-8243.4,2351.9
-8263.9,2351.4
-8285.3,2351.8
-8305.7,2351.4
-8327.0,2351.9
-8347.5,2351.4
-8368.8,2351.8
-8389.5,2351.3
-8409.9,2350.9
-8431.4,2351.1
-8452.2,2350.5
-8473.8,2350.6
-8494.3,2350.2
-8514.6,2350.0
-8535.1,2349.6
-8556.4,2350.0
-8578.0,2350.2
-8599.8,2350.1
-8621.9,2349.7
-8644.1,2349.3
-8667.4,2349.5
-8690.8,2349.5
-8714.3,2349.5
-8737.8,2349.4
-8762.4,2350.0
-8785.9,2350.0
-8809.8,2351.1
-8833.4,2352.5
-8857.1,2353.8
-8880.5,2355.4
-8903.8,2357.1
-8927.0,2359.0
-8950.6,2361.9
-8973.3,2364.1
-8996.7,2367.3
-9019.7,2370.8
-9042.8,2374.2
-9065.8,2377.8
-9088.7,2381.4
-9111.6,2385.0
-9135.4,2389.5
-9158.4,2393.0
-9182.2,2397.4
-9205.0,2401.0
-9228.6,2405.5
-9252.1,2410.1
-9275.9,2414.6
-9299.5,2419.0
-9322.5,2422.6
-9346.2,2427.1
-9369.2,2430.6
-9392.9,2435.0
-9416.6,2439.4
-9439.4,2443.2
-9462.3,2446.8
-9485.9,2451.3
-9508.8,2455.0
-9531.7,2458.6
-9554.5,2462.3
-9577.2,2466.1
-9599.8,2469.9
-9621.7,2472.9
-9643.8,2475.8
-9666.0,2478.5
-9687.9,2479.9
-9710.0,2481.0
-9732.3,2482.2
-9754.7,2483.1
-9777.3,2483.8
-9800.1,2484.4
-9822.5,2483.8
-9845.6,2484.2
-9867.7,2483.8
-9890.6,2484.4
-9913.6,2486.3
-9935.6,2487.7
-9958.5,2491.2
-9980.2,2494.4
-10002.5,2498.7
-10024.6,2503.0
-10046.0,2506.3
-10067.6,2509.6
-10088.4,2512.0
-10109.4,2514.3
-10129.6,2515.7
-10148.4,2515.2
-10168.2,2515.4
-10188.4,2515.3
-10208.0,2514.2
-10227.7,2512.9
-10247.6,2511.5
-10267.5,2510.1
-10286.5,2508.0
-10306.0,2506.9
-10325.4,2505.9
-10345.0,2504.8
-10364.5,2503.7
-10383.8,2502.9
-10403.9,2502.9
-10423.0,2502.2
-10442.3,2502.8
-10461.1,2504.0
-10480.1,2506.5
-10499.1,2509.0
-10518.0,2511.6
-10537.7,2514.9
-10556.8,2517.4
-10576.8,2520.6
-10597.0,2523.4
-10617.2,2526.5
-10637.3,2529.5
-10658.2,2533.3
-10678.2,2536.4
-10699.9,2541.3
-10721.5,2546.1
-10743.0,2551.0
-10765.4,2556.6
-10787.0,2561.4
-10808.4,2566.3
-10830.7,2572.1
-10851.2,2576.4
-10872.1,2581.8
-10892.2,2586.4
-10912.2,2591.1
-10932.4,2595.6
-10952.4,2600.2
-10971.6,2604.3
-10990.3,2608.6
-11007.7,2612.5
-11024.8,2616.8
-11040.0,2621.1
-11055.2,2627.1
-11069.2,2634.3
-11082.7,2643.3
-11095.3,2653.3
-11108.3,2664.4
-11122.1,2676.4
-11135.1,2687.6
-11148.0,2698.8
-11161.6,2711.0
-11176.1,2723.9
-11189.6,2736.1
-11204.0,2749.1
-11218.6,2761.9
-11234.1,2775.5
-11248.8,2788.2
-11264.2,2801.9
-11278.9,2814.5
-11293.5,2827.2
-11308.5,2839.8
-11323.4,2852.2
-11337.7,2863.8
-11352.7,2876.2
-11367.4,2888.9
-11381.3,2900.8
-11396.0,2913.4
-11409.9,2925.4
-11424.6,2938.0
-11439.3,2950.8
-11454.1,2963.5
-11468.9,2976.1
-11484.3,2989.7
-11499.0,3002.3
-11514.6,3015.9
-11530.0,3029.5
-11546.3,3043.9
-11561.9,3057.4
-11578.3,3071.7
-11593.8,3085.1
-11610.3,3099.4
-11625.8,3112.9
-11641.5,3126.3
-11656.3,3138.9
-11670.4,3150.6
-11685.4,3163.1
-11699.5,3174.8
-11713.4,3186.6
-11727.2,3198.6
-11740.2,3209.7
-11753.3,3220.8
-11766.3,3231.9
-11778.5,3242.3
-11791.3,3253.6
-11803.6,3263.8
-11816.5,3275.0
-11829.6,3286.2
-11843.5,3298.0
-11857.3,3309.9
-11871.4,3321.6
-11886.2,3334.3
-11901.0,3347.0
-11916.5,3360.4
-11932.1,3373.9
-11947.4,3387.6
-11962.5,3401.5
-11978.1,3416.5
-11993.7,3431.6
-12008.5,3445.8
-12024.7,3461.8
-12040.3,3476.9
-12056.5,3492.9
-12071.7,3508.3
-12087.6,3524.7
-12103.3,3541.2
-12118.5,3558.1
-12134.4,3576.0
-12149.3,3593.4
-12163.0,3610.2
-12177.5,3627.8
-12191.8,3645.6
-12205.5,3662.4
-12219.3,3679.1
-12233.2,3695.8
-12247.0,3712.5
-12261.3,3730.3
-12275.4,3748.2
-12288.6,3765.5
-12303.5,3784.4
-12318.8,3803.0
-12334.2,3821.3
-12349.9,3839.3
-12366.3,3856.9
-12382.8,3874.2
-12398.9,3890.5
-12415.1,3906.5
-12431.6,3922.2
-12448.4,3937.7
-12464.5,3952.3
-12481.9,3967.2
-12498.6,3981.2
-12515.3,3995.2
-12531.5,4008.2
-12548.4,4022.0
-12564.6,4034.9
-12580.8,4047.8
-12597.0,4060.7
-12613.4,4073.5
-12628.7,4085.5
-12644.9,4098.5
-12660.2,4110.6
-12676.5,4123.5
-12692.6,4136.3
-12708.1,4148.4
-12723.1,4160.8
-12737.7,4173.6
-12750.8,4186.2
-12764.0,4200.4
-12776.2,4215.3
-12787.9,4230.9
-12798.3,4247.5
-12807.9,4265.0
-12816.4,4282.0
-12825.5,4299.9
-12834.0,4316.8
-12842.5,4333.7
-12851.3,4350.3
-12860.1,4367.0
-12868.7,4383.8
-12877.2,4400.7
-12885.8,4417.5
-12894.2,4434.5
-12902.9,4451.2
-12912.6,4468.5
-12922.5,4485.7
-12932.7,4502.8
-12942.9,4519.7
-12953.3,4536.3
-12964.2,4552.7
-12975.1,4568.8
-12986.4,4584.7
-12998.8,4601.1
-13010.8,4616.4
-13022.7,4631.6
-13034.6,4647.0
-13046.1,4662.7
-13056.6,4677.8
-13067.6,4693.9
-13077.6,4709.4
-13087.5,4725.1
-13097.1,4740.8
-13106.6,4756.8
-13115.2,4772.1
-13124.6,4788.3
-13133.9,4804.4
-13143.4,4820.3
-13152.0,4835.5
-13161.3,4851.7
-13170.6,4867.9
-13180.1,4883.8
-13189.6,4899.8
-13199.9,4916.5
-13209.5,4932.5
-13219.9,4949.2
-13229.3,4965.4
-13239.3,4982.3
-13249.2,4999.5
-13259.0,5016.8
-13267.9,5033.3
-13277.5,5050.8
-13286.4,5067.4
-13295.6,5083.6
-13306.0,5100.4
-13316.7,5116.7
-13327.6,5133.1
-13338.6,5149.2
-13350.5,5166.1
-13362.3,5183.0
-13374.2,5200.0
-13386.2,5216.8
-13397.2,5232.9
-13409.2,5249.7
-13421.3,5266.5
-13432.8,5282.1
-13445.1,5298.7
-13457.3,5315.3
-13469.6,5331.7
-13482.6,5347.7
-13496.2,5362.9
-13510.3,5377.8
-13525.2,5393.5
-13539.9,5409.4
-13553.6,5424.5
-13568.3,5440.4
-13583.1,5456.2
-13597.9,5472.0
-13613.4,5488.7
-13628.0,5504.6
-13642.7,5520.5
-13656.8,5535.4
-13671.1,5550.0
-13685.8,5564.4
-13700.2,5577.3
-13714.8,5590.1
-13730.4,5603.6
-13745.4,5616.1
-13760.7,5628.1
-13776.7,5639.7
-13792.5,5649.8
-13809.1,5659.2
-13826.0,5668.3
-13843.4,5677.0
-13859.9,5684.8
-13877.9,5694.5
-13894.5,5702.3
-13911.8,5711.1
-13928.4,5718.9
-13946.1,5727.3
-13963.0,5734.8
-13980.9,5743.0
-13997.2,5749.5
-14014.5,5756.8
-14031.9,5763.9
-14049.2,5771.0
-14066.2,5778.4
-14083.1,5786.0
-14100.4,5794.7
-14117.5,5803.7
-14134.4,5812.8
-14152.0,5822.8
-14168.9,5831.9
-14187.4,5842.6
-14206.2,5853.3
-14223.9,5863.1
-14242.6,5873.7
-14261.0,5884.6
-14279.3,5895.5
-14298.3,5907.4
-14317.0,5919.6
-14334.6,5931.2
-14352.6,5944.1
-14369.3,5956.4
-14386.6,5969.9
-14403.0,5982.7
-14420.0,5996.4
-14436.3,6009.2
-14452.5,6022.1
-14469.6,6035.7
-14486.1,6048.4
-14502.6,6061.0
-14519.8,6074.5
-14536.3,6087.2
-14552.7,6099.7
-14569.7,6112.0
-14587.0,6123.9
-14604.5,6135.6
-14622.5,6146.7
-14640.4,6156.5
-14659.6,6166.7
-14678.1,6176.0
-14697.1,6186.2
-14715.4,6195.7
-14734.3,6206.1
-14753.2,6216.4
-14772.0,6227.0
-14789.9,6236.8
-14808.3,6247.6
-14825.5,6258.0
-14841.9,6269.1
-14858.5,6281.6
-14874.6,6294.7
-14889.3,6307.4
-14904.3,6321.3
-14919.0,6335.7
-14933.8,6351.5
-14947.3,6366.8
-14961.0,6382.0
-14975.5,6398.1
-14990.1,6414.1
-15004.6,6430.1
-15019.2,6446.1
-15033.8,6462.1
-15049.2,6478.9
-15063.8,6494.8
-15079.3,6511.6
-15093.8,6527.6
-15109.0,6544.6
-15123.3,6560.8
-15137.7,6577.0
-15152.6,6594.1
-15166.9,6610.5
-15181.7,6627.8
-15195.9,6644.2
-15211.0,6661.2
-15226.1,6678.4
-15241.2,6695.4
-15255.6,6711.5
-15269.8,6727.9
-15284.2,6744.1
-15297.7,6759.4
-15311.3,6774.8
-15323.8,6789.5
-15337.2,6805.0
-15349.2,6818.7
-15360.9,6832.5
-15372.8,6846.4
-15384.5,6860.2
-15396.4,6874.0
-15407.7,6886.7
-15419.9,6900.1
-15432.3,6913.4
-15444.0,6925.8
-15456.5,6938.9
-15468.7,6950.8
-15481.7,6961.8
-15496.4,6973.1
-15511.2,6982.5
-15525.6,6990.8
-15541.6,6999.2
-15557.8,7005.9
-15574.4,7012.1
-15591.5,7017.8
-15608.9,7023.5
-15626.6,7028.7
-15644.4,7033.9
-15662.5,7038.7
-15681.1,7043.2
-15699.0,7046.7
-15717.1,7050.0
-15735.5,7053.1
-15753.4,7054.9
-15771.7,7056.5
-15789.5,7057.1
-15807.3,7057.6
-15825.2,7058.0
-15842.9,7058.6
-15860.3,7059.5
-15877.2,7060.7
-15893.8,7062.3
-15910.0,7064.3
-15925.0,7065.9
-15940.5,7068.5
-15955.7,7071.2
-15970.2,7073.3
-15984.6,7075.3
-15999.8,7078.2
-16013.7,7080.8
-16027.4,7083.4
-16040.3,7085.4
-16053.8,7088.2
-16067.1,7091.3
-16079.5,7093.6
-16092.3,7097.1
-16105.0,7100.8
-16116.6,7103.9
-16128.8,7107.9
-16141.9,7112.8
-16154.8,7117.7
-16167.8,7122.7
-16180.2,7128.2
-16192.5,7135.2
-16204.5,7142.6
-16216.4,7150.0
-16228.9,7158.6
-16240.6,7166.2
-16252.5,7173.6
-16265.2,7181.9
-16277.7,7188.9
-16291.1,7196.5
-16304.0,7203.1
-16317.2,7209.4
-16330.5,7215.5
-16344.0,7221.5
-16357.8,7227.2
-16372.1,7232.5
-16386.5,7237.7
-16401.3,7242.4
-16417.4,7247.6
-16433.0,7251.6
-16449.8,7256.2
-16466.8,7260.5
-16485.2,7265.1
-16504.6,7270.3
-16524.2,7275.4
-16544.1,7280.1
-16564.2,7284.8
-16584.9,7290.4
-16604.6,7295.4
-16624.1,7300.6
-16644.7,7306.3
-16664.5,7311.1
-16684.3,7316.0
-16704.8,7321.8
-16724.6,7326.8
-16745.4,7332.3
-16765.5,7336.9
-16785.7,7341.4
-16806.2,7345.6
-16827.8,7350.4
-16848.3,7353.2
-16869.9,7356.4
-16890.4,7357.5
-16911.9,7359.2
-16933.1,7359.9
-16954.4,7360.2
-16976.5,7361.4
-16996.9,7361.0
-17018.3,7361.4
-17039.5,7361.8
-17060.7,7362.3
-17081.1,7362.0
-17102.1,7362.6
-17123.1,7363.2
-17144.2,7363.9
-17164.3,7363.8
-17184.4,7363.7
-17205.5,7364.5
-17225.6,7364.3
-17246.6,7365.0
-17266.5,7365.1
-17287.2,7366.1
-17307.8,7367.1
-17327.4,7367.5
-17347.5,7369.0
-17368.1,7371.6
-17388.1,7374.6
-17407.9,7378.1
-17428.1,7382.6
-17447.1,7386.6
-17466.7,7391.7
-17486.8,7397.8
-17506.2,7403.1
-17525.3,7408.6
-17544.1,7414.4
-17563.8,7420.9
-17582.8,7426.5
-17601.9,7432.2
-17621.7,7438.5
-17641.6,7445.0
-17660.6,7450.5
-17680.4,7456.9
-17700.4,7463.3
-17719.5,7468.8
-17738.4,7474.4
-17758.3,7480.9
-17778.1,7487.2
-17798.1,7493.5
-17818.1,7499.7
-17838.2,7505.9
-17858.3,7512.1
-17878.5,7518.1
-17898.6,7524.3
-17918.6,7530.6
-17938.6,7536.8
-17958.5,7543.2
-17978.6,7549.3
-17998.5,7555.7
-18018.5,7562.0
-18038.3,7568.3
-18057.6,7573.9
-18077.4,7580.2
-18096.4,7585.8
-18115.4,7591.4
-18134.6,7596.9
-18153.2,7601.4
-18172.2,7605.4
-18190.9,7608.1
-18210.1,7610.5
-18228.9,7611.6
-18248.6,7613.4
-18267.3,7613.1
-18286.3,7612.5
-18304.6,7611.0
-18322.1,7608.5
-18339.8,7606.1
-18356.5,7603.0
-18372.2,7599.2
-18387.7,7595.6
-18402.1,7591.4
-18416.4,7587.4
-18431.3,7584.5
-18445.0,7580.9
-18458.8,7577.4
-18472.7,7573.8
-18486.5,7570.1
-18501.3,7567.3
-18515.2,7563.6
-18529.8,7560.8
-18544.2,7558.1
-18559.6,7556.3
-18574.6,7554.7
-18589.1,7553.5
-18604.4,7554.8
-18618.2,7555.8
-18632.5,7558.0
-18646.0,7560.9
-18659.7,7565.0
-18673.2,7569.5
-18686.2,7574.4
-18699.8,7580.3
-18713.5,7586.2
-18727.1,7592.1
-18741.6,7598.7
-18755.3,7604.5
-18768.8,7610.4
-18782.8,7616.0
-18796.8,7621.5
-18810.3,7626.0
-18824.7,7631.1
-18838.4,7635.4
-18852.2,7639.6
-18866.0,7643.6
-18880.3,7647.4
-18894.6,7651.1
-18908.5,7653.6
-18923.6,7656.4
-18938.4,7658.2
-18955.1,7661.2
-18970.5,7662.5
-18986.6,7664.5
-19001.9,7665.7
-19017.2,7666.9
-19032.3,7668.4
-19047.3,7669.9
-19061.5,7670.6
-19075.7,7671.2
-19090.1,7671.7
-19104.0,7671.2
-19118.3,7670.2
-19132.6,7667.9
-19145.8,7663.3
-19159.8,7657.9
-19174.4,7652.1
-19188.9,7644.8
-19204.6,7637.9
-19220.2,7629.5
-19236.1,7621.0
-19253.1,7612.9
-19271.2,7605.4
-19289.3,7598.0
-19308.2,7591.2
-19327.7,7585.4
-19348.6,7581.6
-19368.1,7577.3
-19388.1,7574.3
-19408.4,7572.5
-19428.2,7571.1
-19448.4,7571.0
-19469.1,7572.0
-19489.6,7573.0
-19510.0,7574.2
-19531.0,7576.6
-19551.9,7578.7
-19573.1,7580.8
-19594.5,7582.6
-19615.8,7584.6
-19637.3,7586.3
-19658.8,7588.2
-19680.2,7590.0
-19701.6,7591.9
-19723.0,7593.7
-19744.2,7595.7
-19766.1,7598.7
-19787.1,7600.9
-19807.3,7602.3
-19828.4,7604.4
-19848.8,7605.7
-19869.9,7607.8
-19889.9,7609.4
-19910.7,7611.8
-19930.7,7613.3
-19951.4,7615.8
-19971.3,7617.5
-19991.3,7619.1
-20011.3,7620.6
-20031.3,7622.2
-20052.1,7624.6
-20071.1,7625.5
-20091.7,7628.2
-20111.4,7630.0
-20131.1,7631.9
-20149.8,7633.0
-20169.3,7635.1
-20188.6,7637.4
-20206.6,7639.1
-20224.7,7640.9
-20241.5,7642.3
-20258.1,7644.0
-20274.3,7645.9
-20289.1,7647.5
-20302.4,7649.1
-20314.1,7650.5
-20323.9,7652.1
-20332.3,7653.6
-20340.0,7655.6
-20346.5,7657.3
-20352.5,7659.3
-20358.5,7662.9
-20364.1,7667.0
-20370.4,7671.7
-20378.0,7675.5
-20386.6,7676.7
-20396.6,7676.7
-20405.9,7675.8
-20415.7,7675.8
-20427.0,7677.6
-20438.2,7679.4
-20451.1,7682.9
-20464.2,7686.2
-20478.4,7690.0
-20493.4,7694.7
-20507.6,7698.4
-20522.8,7702.9
-20537.9,7707.3
-20553.1,7711.8
-20569.1,7717.0
-20585.2,7722.2
-20600.5,7726.5
-20616.4,7731.8
-20631.2,7736.6
-20643.9,7740.1
-20657.0,7745.0
-20668.0,7748.7
-20679.3,7753.6
-20689.8,7759.2
-20699.2,7765.9
-20706.9,7774.2
-20712.5,7782.8
-20717.2,7793.8
-20720.1,7805.1
-20722.8,7817.9
-20725.1,7831.3
-20727.7,7845.9
-20730.5,7860.3
-20733.0,7875.0
-20735.7,7889.4
-20738.5,7903.9
-20740.5,7917.3
-20743.1,7930.4
-20744.2,7941.7
-20745.6,7952.7
-20746.4,7962.8
-20748.4,7973.3
-20749.8,7982.7
-20751.6,7991.9
-20753.3,8001.0
-20755.4,8009.8
-20757.4,8017.2
-20757.7,8021.5
-20758.5,8025.4
-20758.8,8028.1
-20759.1,8029.3
-20759.0,8029.4
-20759.0,8029.4
-20759.1,8029.3
-20759.1,8029.3
-20759.1,8029.3
-20759.1,8029.3
-20758.9,8029.6
-20758.9,8029.6
-20760.4,8031.2
-20762.6,8033.8
-20764.0,8037.0
-20765.4,8041.8
-20765.1,8046.8
-20765.8,8053.7
-20765.7,8059.9
-20766.3,8067.1
-20766.6,8074.5
-20766.4,8082.3
-20767.6,8092.0
-20768.7,8101.8
-20770.7,8112.2
-20772.8,8122.6
-20774.5,8133.2
-20776.3,8144.1
-20777.7,8155.0
-20779.8,8166.9
-20780.9,8178.2
-20781.9,8189.5
-20782.8,8201.2
-20783.5,8212.9
-20783.2,8223.8
-20783.9,8235.6
-20784.2,8246.1
-20785.0,8256.2
-20786.9,8266.6
-20789.0,8275.4
-20792.0,8283.4
-20795.8,8290.6
-20799.5,8296.5
-20802.1,8300.1
-20804.2,8302.8
-20806.3,8305.3
-20809.3,8308.7
-20812.6,8311.8
-20816.1,8314.6
-20820.7,8317.9
-20825.7,8321.1
-20830.9,8323.8
-20836.7,8326.1
-20843.8,8328.6
-20851.7,8330.6
-20861.3,8332.5
-20869.8,8332.2
-20879.2,8332.7
-20888.0,8332.2
-20896.9,8331.6
-20906.8,8331.6
-20917.0,8331.4
-20927.0,8331.3
-20936.7,8331.5
-20946.8,8334.4
-20956.1,8338.1
-20966.0,8344.3
-20976.1,8351.9
-20986.0,8359.6
-20996.7,8368.2
-21007.4,8376.7
-21018.3,8385.2
-21028.3,8392.8
-21039.2,8401.2
-21050.1,8409.6
-21061.1,8418.0
-21071.9,8426.3
-21082.9,8434.6
-21093.2,8442.0
-21104.2,8450.4
-21115.3,8458.6
-21126.2,8467.0
-21136.3,8474.5
-21146.3,8482.2
-21156.9,8490.8
-21167.5,8499.5
-21177.1,8507.5
-21188.2,8517.3
-21198.4,8526.4
-21208.6,8535.5
-21218.6,8544.5
-21228.8,8553.7
-21239.0,8562.7
-21248.1,8571.2
-21258.9,8581.2
-21268.1,8589.6
-21279.0,8599.6
-21288.3,8608.0
-21298.1,8617.2
-21308.9,8627.4
-21318.0,8635.8
-21328.9,8645.9
-21339.0,8655.0
-21349.5,8663.8
-21360.0,8672.5
-21370.6,8681.2
-21382.1,8690.7
-21392.9,8699.0
-21403.9,8707.3
-21415.8,8716.4
-21427.2,8724.3
-21438.5,8732.4
-21449.8,8740.4
-21461.1,8748.3
-21473.3,8757.2
-21483.9,8764.3
-21496.0,8773.0
-21506.6,8780.1
-21519.0,8788.8
-21530.3,8796.7
-21540.7,8804.0
-21551.8,8812.3
-21562.6,8820.7
-21573.2,8829.5
-21583.5,8838.3
-21593.7,8847.4
-21604.0,8856.3
-21615.0,8866.3
-21626.0,8876.2
-21636.9,8886.0
-21647.1,8895.1
-21658.2,8904.9
-21669.2,8914.7
-21679.3,8923.8
-21690.3,8933.8
-21700.4,8942.8
-21710.8,8951.8
-21721.1,8960.7
-21732.1,8970.5
-21742.5,8979.3
-21752.9,8988.2
-21762.7,8996.1
-21772.4,9004.0
-21780.4,9010.4
-21787.6,9016.1
-21794.7,9021.7
-21800.9,9026.8
-21806.8,9032.0
-21810.8,9035.9
-21813.2,9039.8
-21814.5,9044.8
-21812.5,9048.2
-21809.1,9051.2
-21803.9,9053.0
-21798.0,9055.5
-21790.8,9057.6
-21783.0,9060.2
-21776.1,9063.6
-21768.2,9066.3
-21760.2,9069.1
-21752.3,9071.8
-21745.5,9075.2
-21738.0,9077.5
-21731.6,9080.3
-21725.4,9083.1
-21719.5,9085.6
-21713.4,9088.1
-21706.4,9090.1
-21699.4,9093.6
-21691.3,9096.5
-21682.7,9099.8
-21672.8,9102.9
-21662.6,9106.2
-21652.1,9109.9
-21642.0,9114.5
-21630.7,9117.4
-21621.3,9121.5
-21611.4,9124.6
-21602.6,9128.2
-21593.9,9131.7
-21585.7,9134.7
-21577.9,9137.3
-21570.7,9139.5
-21564.7,9141.9
-21559.8,9145.0
-21556.8,9149.3
-21555.4,9153.7
-21556.5,9158.8
-21558.1,9163.4
-21561.2,9169.7
-21564.9,9177.1
-21568.4,9184.6
-21572.0,9191.9
-21575.8,9199.2
-21578.6,9205.7
-21581.4,9212.3
-21585.3,9219.5
-21588.2,9226.0
-21591.9,9233.3
-21594.7,9239.9
-21598.9,9248.3
-21603.2,9256.7
-21607.2,9265.2
-21611.4,9273.6
-21616.4,9282.8
-21621.3,9292.1
-21626.0,9300.1
-21630.6,9308.0
-21635.4,9316.0
-21640.1,9323.9
-21644.1,9330.9
-21647.3,9337.0
-21651.9,9343.6
-21656.6,9349.9
-21662.3,9356.9
-21668.8,9364.7
-21675.1,9372.7
-21681.4,9380.8
-21687.6,9388.8
-21693.2,9395.8
-21698.9,9402.9
-21703.0,9408.3
-21706.4,9412.8
-21709.8,9417.3
-21713.5,9421.5
-21716.7,9423.1
-21722.1,9424.2
-21727.0,9422.7
-21732.7,9420.5
-21738.4,9418.3
-21743.4,9415.1
-21748.7,9413.2
-21753.8,9411.6
-21757.8,9410.9
-21762.0,9413.0
-21765.8,9417.3
-21768.5,9422.4
-21770.7,9428.0
-21774.3,9435.4
-21777.8,9442.9
-21781.6,9450.1
-21784.7,9456.5
-21787.2,9461.8
-21789.8,9467.1
-21791.4,9471.6
-21791.6,9476.1
-21789.2,9479.9
-21785.5,9483.4
-21779.6,9485.7
-21773.0,9487.3
-21767.0,9489.8
-21760.3,9491.4
-21755.4,9494.5
-21751.3,9498.3
-21748.4,9502.5
-21749.0,9508.1
-21750.3,9512.9
-21753.2,9518.0
-21756.1,9523.0
-21758.9,9527.9
-21762.6,9533.8
-21766.1,9539.7
-21769.4,9545.8
-21773.4,9552.9
-21778.0,9560.9
-21782.6,9569.0
-21786.9,9577.2
-21792.0,9586.3
-21795.4,9594.0
-21799.6,9602.4
-21802.5,9608.8
-21805.9,9614.9
-21809.0,9619.7
-21812.8,9623.7
-21816.7,9626.3
-21821.3,9628.1
-21825.5,9628.7
-21829.2,9628.4
-21833.8,9628.7
-21836.7,9627.5
-21840.2,9627.2
-21843.8,9627.1
-21847.0,9627.2
-21848.6,9627.1
-21850.5,9628.5
-21851.2,9629.4
-21851.7,9630.4
-21852.1,9631.5
-21851.9,9631.7
-21851.8,9631.8
-21851.7,9631.9
-21852.5,9632.7
-21852.5,9632.7
-21852.4,9632.8
-21852.5,9632.7
-21852.6,9632.5
-21852.8,9632.4
-21852.9,9632.3
-21853.0,9632.2
-21853.1,9632.1
-21853.1,9632.1
