x,y
0.0,0.0
-6.5,-0.7
-12.9,-1.6
-19.6,-2.4
-26.5,-3.5
-34.0,-3.7
-41.3,-5.1
-48.8,-6.6
-56.6,-8.4
-65.0,-9.2
-73.5,-10.1
-81.4,-10.5
-87.9,-11.4
-93.1,-12.5
-97.3,-13.0
-99.9,-13.6
-102.4,-12.8
-104.3,-12.7
-105.6,-12.4
-105.8,-12.5
-105.2,-13.5
-104.4,-14.3
-103.7,-15.1
-103.6,-15.0
-103.5,-15.0
-102.7,-15.8
-102.6,-15.8
-102.5,-15.7
-102.4,-15.6
-102.3,-15.5
-101.6,-16.3
-101.4,-16.3
-101.4,-16.3
-101.3,-16.2
-101.6,-16.4
-103.1,-16.0
-104.3,-16.9
-105.9,-18.2
-108.8,-17.7
-111.6,-18.4
-113.4,-21.3
-115.3,-24.1
-116.0,-27.6
-116.6,-30.9
-116.7,-35.1
-116.4,-40.7
-116.4,-46.3
-116.3,-52.0
-115.9,-57.2
-115.8,-62.9
-115.7,-68.5
-115.3,-75.3
-114.4,-87.5
-113.7,-95.4
-112.5,-103.0
-112.1,-109.8
-112.5,-115.9
-112.0,-122.5
-111.3,-130.5
-110.3,-139.7
-109.8,-147.9
-109.3,-156.1
-107.6,-166.2
-106.4,-175.3
-105.8,-183.3
-104.2,-192.1
-103.3,-199.8
-102.2,-207.5
-101.5,-214.1
-101.2,-221.0
-101.0,-229.4
-102.0,-237.2
-101.4,-246.9
-100.6,-256.2
-100.1,-264.4
-99.4,-272.4
-98.8,-279.0
-98.0,-285.5
-97.5,-290.8
-97.4,-295.0
-97.7,-298.0
-98.2,-301.2
-99.1,-304.7
-101.3,-307.9
-105.3,-309.6
-110.3,-310.6
-116.4,-311.1
-122.8,-311.8
-130.2,-311.9
-137.2,-313.0
-144.3,-314.3
-152.3,-313.4
-159.6,-314.8
-167.1,-316.3
-173.6,-317.1
-178.7,-318.3
-182.6,-318.5
-186.1,-319.8
-190.2,-320.1
-194.7,-320.8
-199.3,-321.5
-205.4,-320.6
-211.6,-321.1
-217.8,-321.7
-225.4,-321.9
-232.4,-323.0
-240.3,-323.4
-247.8,-325.0
-256.3,-325.8
-263.8,-327.5
-272.2,-328.4
-278.6,-330.4
-285.1,-331.2
-291.9,-330.9
-297.6,-331.0
-301.7,-331.3
-306.0,-330.4
-309.2,-330.0
-313.2,-328.9
-317.5,-328.1
-322.6,-327.7
-327.9,-327.6
-333.4,-327.6
-338.5,-327.3
-343.5,-325.4
-348.4,-322.1
-352.7,-319.8
-358.0,-316.9
-363.8,-314.3
-370.9,-311.2
-378.2,-309.8
-386.1,-308.8
-395.5,-307.6
-405.6,-306.7
-416.2,-306.4
-428.0,-305.6
-440.2,-305.1
-452.8,-304.9
-466.5,-304.0
-480.3,-303.3
-494.4,-302.8
-509.3,-301.5
-523.6,-301.2
-538.7,-299.9
-553.2,-299.7
-568.2,-298.5
-582.7,-298.3
-597.9,-297.2
-611.9,-298.1
-626.5,-299.4
-640.8,-301.9
-655.5,-304.7
-668.9,-309.4
-682.5,-314.2
-695.5,-320.0
-707.9,-326.8
-720.5,-333.6
-732.4,-341.5
-743.9,-350.4
-755.3,-359.3
-765.8,-368.9
-775.1,-379.0
-783.5,-388.3
-790.6,-398.2
-797.9,-406.7
-803.7,-416.8
-809.5,-427.1
-815.6,-437.6
-821.1,-448.9
-826.7,-460.4
-831.0,-473.9
-836.1,-486.5
-839.9,-500.8
-844.0,-515.5
-848.5,-530.4
-852.6,-546.5
-857.2,-563.1
-862.9,-579.0
-867.9,-597.3
-873.9,-614.7
-878.8,-633.0
-884.6,-650.4
-889.8,-668.9
-896.3,-686.9
-902.8,-704.8
-909.5,-723.0
-917.3,-740.5
-925.0,-758.1
-933.6,-774.8
-942.4,-791.7
-951.5,-808.8
-961.3,-825.1
-972.2,-840.7
-983.5,-856.7
-994.1,-873.6
-1005.9,-889.9
-1017.7,-906.3
-1028.9,-923.7
-1041.2,-940.3
-1052.9,-958.1
-1065.6,-975.2
-1077.8,-993.4
-1090.4,-1011.8
-1103.7,-1029.3
-1116.4,-1047.9
-1129.4,-1066.5
-1142.5,-1085.4
-1155.7,-1104.2
-1168.9,-1123.2
-1182.0,-1142.1
-1195.3,-1160.9
-1208.3,-1179.7
-1221.1,-1198.3
-1233.7,-1216.8
-1246.9,-1234.3
-1259.5,-1252.6
-1271.9,-1270.8
-1284.1,-1289.1
-1296.2,-1307.0
-1307.8,-1324.8
-1320.1,-1341.5
-1332.2,-1358.0
-1343.9,-1374.4
-1355.6,-1390.6
-1367.7,-1405.7
-1381.0,-1419.0
-1393.7,-1433.2
-1407.8,-1445.5
-1421.9,-1457.9
-1436.1,-1470.3
-1450.9,-1481.9
-1466.7,-1492.7
-1482.5,-1503.5
-1498.9,-1513.5
-1515.9,-1522.2
-1532.6,-1530.9
-1550.1,-1538.7
-1567.3,-1546.4
-1585.6,-1551.9
-1602.9,-1558.2
-1620.8,-1563.4
-1639.1,-1567.5
-1656.3,-1572.3
-1674.2,-1576.2
-1691.2,-1580.7
-1708.8,-1584.3
-1725.6,-1588.7
-1742.4,-1593.1
-1759.0,-1597.4
-1776.2,-1600.8
-1793.1,-1605.1
-1810.0,-1609.6
-1827.8,-1613.4
-1844.9,-1618.1
-1863.0,-1622.0
-1880.3,-1626.9
-1898.1,-1630.7
-1915.3,-1635.4
-1933.1,-1639.1
-1950.3,-1643.8
-1968.0,-1647.5
-1985.7,-1651.2
-2003.0,-1654.7
-2021.5,-1656.1
-2039.1,-1658.1
-2056.9,-1659.1
-2074.5,-1659.8
-2092.1,-1659.1
-2109.6,-1658.3
-2126.6,-1657.2
-2143.1,-1655.7
-2159.8,-1652.8
-2176.4,-1649.9
-2192.4,-1646.5
-2208.2,-1642.9
-2224.3,-1638.2
-2240.2,-1633.3
-2255.7,-1628.2
-2271.5,-1621.7
-2286.4,-1616.1
-2301.7,-1609.3
-2316.9,-1602.6
-2332.4,-1595.9
-2347.8,-1589.2
-2363.1,-1582.4
-2377.6,-1576.5
-2392.0,-1570.4
-2405.3,-1565.0
-2418.4,-1559.4
-2431.3,-1553.7
-2442.9,-1548.4
-2453.6,-1543.7
-2463.1,-1539.8
-2473.1,-1534.7
-2482.5,-1530.5
-2491.9,-1526.4
-2501.2,-1522.3
-2510.8,-1518.4
-2519.6,-1516.5
-2527.5,-1515.6
-2534.8,-1515.5
-2541.3,-1516.3
-2546.4,-1518.9
-2551.1,-1522.5
-2556.0,-1526.3
-2561.9,-1529.5
-2568.0,-1532.8
-2575.1,-1535.4
-2582.6,-1537.0
-2590.6,-1537.5
-2598.3,-1536.3
-2606.2,-1532.5
-2613.5,-1528.1
-2622.1,-1522.1
-2630.5,-1517.1
-2640.5,-1512.1
-2651.7,-1507.9
-2663.8,-1504.4
-2677.6,-1500.7
-2691.2,-1498.6
-2705.5,-1496.7
-2720.6,-1494.0
-2736.0,-1491.7
-2752.3,-1488.5
-2768.9,-1485.7
-2786.2,-1481.9
-2804.3,-1477.2
-2822.5,-1472.6
-2841.2,-1467.0
-2859.8,-1461.3
-2878.3,-1455.5
-2898.2,-1447.9
-2917.2,-1441.0
-2936.8,-1433.2
-2957.0,-1424.3
-2977.0,-1415.4
-2996.6,-1406.1
-3016.7,-1395.7
-3037.3,-1384.4
-3057.7,-1372.7
-3077.6,-1360.7
-3097.8,-1347.5
-3117.9,-1334.3
-3137.6,-1320.7
-3156.9,-1306.8
-3177.2,-1290.7
-3196.2,-1275.1
-3214.8,-1259.2
-3234.3,-1241.1
-3252.6,-1223.4
-3270.3,-1205.5
-3287.5,-1187.0
-3304.3,-1168.2
-3320.5,-1149.0
-3334.9,-1131.4
-3348.2,-1114.3
-3359.7,-1098.7
-3369.5,-1084.8
-3377.6,-1072.6
-3385.7,-1060.2
-3392.3,-1049.6
-3400.0,-1038.3
-3406.1,-1028.8
-3412.5,-1019.4
-3418.2,-1011.1
-3424.0,-1002.8
-3429.1,-995.3
-3435.0,-987.1
-3440.4,-979.8
-3444.8,-974.7
-3449.9,-968.7
-3454.6,-963.8
-3459.3,-960.3
-3464.5,-957.3
-3471.1,-953.8
-3477.4,-951.6
-3483.7,-949.5
-3491.0,-946.6
-3497.4,-944.4
-3503.4,-942.0
-3510.5,-939.0
-3517.5,-937.3
-3525.6,-935.1
-3534.6,-933.4
-3544.4,-932.5
-3554.7,-933.3
-3565.2,-935.9
-3576.7,-939.0
-3588.9,-942.7
-3602.2,-945.9
-3616.2,-949.6
-3630.4,-953.5
-3644.7,-957.4
-3660.0,-960.7
-3674.7,-964.9
-3689.0,-968.9
-3704.2,-972.0
-3718.5,-975.9
-3732.7,-979.8
-3747.5,-982.7
-3761.5,-986.4
-3776.3,-989.2
-3790.1,-992.9
-3803.8,-996.3
-3817.6,-999.9
-3832.0,-1002.4
-3845.7,-1005.9
-3859.4,-1009.3
-3873.8,-1012.0
-3887.3,-1015.2
-3901.8,-1016.5
-3915.0,-1018.2
-3928.1,-1018.4
-3939.8,-1018.8
-3951.5,-1017.9
-3961.4,-1018.4
-3970.8,-1018.6
-3978.6,-1020.4
-3985.7,-1023.0
-3992.1,-1026.5
-3997.8,-1031.0
-4004.4,-1034.7
-4011.1,-1038.4
-4017.9,-1040.9
-4026.5,-1040.4
-4034.5,-1040.9
-4043.5,-1040.8
-4052.7,-1042.2
-4061.8,-1045.0
-4070.8,-1049.1
-4081.0,-1052.8
-4090.8,-1057.5
-4101.6,-1061.6
-4112.7,-1066.0
-4125.5,-1068.7
-4137.9,-1072.6
-4151.2,-1075.7
-4164.8,-1079.2
-4178.7,-1082.8
-4193.5,-1085.7
-4208.7,-1089.0
-4224.3,-1092.4
-4240.9,-1095.3
-4257.0,-1099.2
-4273.3,-1103.1
-4290.4,-1106.3
-4307.5,-1109.6
-4324.9,-1113.0
-4341.8,-1117.5
-4359.6,-1121.2
-4377.0,-1126.1
-4394.7,-1131.2
-4412.7,-1136.5
-4430.8,-1141.9
-4449.2,-1147.5
-4466.9,-1154.2
-4484.9,-1160.9
-4502.9,-1167.7
-4521.4,-1174.8
-4539.3,-1183.0
-4557.6,-1191.4
-4576.0,-1199.9
-4594.6,-1208.6
-4612.8,-1218.4
-4631.9,-1227.4
-4650.4,-1237.4
-4668.9,-1247.5
-4686.9,-1258.5
-4705.6,-1268.7
-4724.1,-1278.7
-4741.8,-1289.6
-4760.5,-1298.3
-4778.1,-1307.6
-4796.1,-1315.8
-4812.9,-1324.6
-4831.0,-1331.4
-4848.9,-1338.2
-4866.7,-1344.8
-4885.1,-1350.3
-4904.0,-1354.9
-4921.2,-1359.7
-4937.2,-1363.5
-4951.5,-1365.9
-4964.1,-1367.2
-4973.9,-1369.1
-4982.6,-1370.1
-4990.4,-1371.8
-4997.5,-1374.6
-5003.5,-1379.2
-5010.4,-1383.1
-5017.6,-1387.3
-5025.8,-1389.4
-5034.9,-1389.3
-5043.9,-1389.2
-5053.6,-1389.6
-5063.6,-1391.5
-5073.8,-1395.3
-5084.3,-1400.6
-5096.2,-1405.5
-5108.5,-1410.6
-5121.7,-1415.2
-5135.4,-1420.1
-5149.4,-1425.3
-5163.7,-1430.6
-5178.6,-1436.4
-5194.1,-1442.6
-5210.7,-1448.4
-5227.4,-1455.6
-5244.9,-1462.0
-5262.6,-1468.4
-5280.4,-1475.1
-5297.4,-1482.6
-5315.4,-1489.3
-5333.3,-1496.0
-5351.4,-1502.9
-5369.4,-1509.6
-5387.7,-1516.6
-5406.1,-1523.6
-5424.6,-1530.8
-5443.3,-1538.1
-5462.1,-1545.5
-5480.9,-1552.9
-5499.9,-1560.4
-5519.7,-1567.1
-5538.8,-1574.8
-5558.9,-1581.6
-5578.2,-1589.5
-5597.7,-1597.4
-5618.0,-1604.5
-5637.8,-1612.6
-5658.4,-1619.9
-5678.3,-1628.2
-5698.8,-1636.8
-5720.1,-1644.7
-5740.8,-1653.6
-5761.5,-1662.4
-5781.6,-1672.1
-5801.6,-1681.9
-5821.5,-1691.5
-5840.6,-1702.1
-5859.7,-1712.5
-5879.2,-1721.9
-5898.5,-1731.0
-5917.6,-1738.7
-5935.1,-1746.5
-5951.7,-1752.2
-5966.9,-1756.9
-5980.8,-1760.4
-5993.6,-1763.2
-6004.6,-1766.0
-6014.6,-1768.1
-6023.9,-1769.6
-6031.9,-1771.5
-6039.1,-1774.2
-6045.3,-1779.0
-6050.6,-1784.6
-6055.5,-1791.2
-6060.5,-1798.0
-6066.8,-1804.3
-6075.0,-1807.8
-6083.6,-1810.1
-6093.0,-1810.3
-6101.9,-1810.1
-6111.7,-1809.1
-6122.3,-1807.4
-6132.1,-1807.9
-6141.8,-1809.6
-6150.6,-1813.7
-6159.3,-1818.9
-6168.6,-1824.7
-6177.9,-1831.9
-6187.5,-1839.3
-6197.0,-1848.2
-6207.6,-1856.4
-6222.2,-1864.8
-6234.7,-1873.1
-6246.3,-1882.1
-6258.7,-1890.2
-6271.3,-1897.0
-6284.7,-1903.2
-6299.2,-1908.6
-6313.5,-1914.1
-6328.6,-1918.6
-6344.1,-1922.0
-6358.8,-1926.3
-6374.7,-1928.5
-6390.3,-1930.6
-6405.7,-1932.5
-6421.3,-1934.6
-6437.8,-1935.8
-6454.2,-1937.2
-6469.9,-1939.2
-6486.5,-1940.7
-6502.8,-1943.2
-6519.5,-1946.0
-6536.4,-1949.2
-6552.3,-1954.3
-6569.4,-1959.0
-6586.3,-1964.9
-6602.9,-1972.1
-6620.6,-1978.5
-6637.7,-1986.1
-6656.3,-1991.8
-6674.4,-1998.6
-6692.4,-2005.4
-6711.5,-2011.6
-6730.0,-2018.7
-6748.6,-2025.9
-6767.3,-2033.3
-6786.9,-2039.7
-6805.8,-2047.2
-6825.3,-2053.7
-6844.9,-2060.3
-6864.2,-2066.5
-6883.6,-2073.0
-6904.2,-2077.4
-6924.1,-2082.8
-6945.4,-2086.3
-6966.6,-2089.8
-6988.4,-2092.3
-7010.2,-2094.8
-7033.3,-2095.3
-7056.0,-2095.7
-7079.2,-2094.8
-7102.4,-2092.6
-7125.2,-2090.2
-7147.7,-2087.3
-7170.4,-2083.4
-7192.5,-2080.2
-7214.5,-2077.0
-7236.5,-2074.0
-7258.8,-2071.1
-7280.7,-2069.4
-7302.4,-2068.8
-7324.3,-2068.5
-7346.6,-2068.5
-7368.4,-2069.6
-7390.8,-2071.0
-7413.3,-2072.6
-7435.0,-2076.4
-7457.0,-2080.6
-7479.3,-2084.8
-7501.0,-2090.2
-7523.2,-2095.9
-7544.9,-2102.5
-7567.4,-2108.5
-7588.8,-2116.4
-7610.7,-2124.6
-7633.1,-2133.3
-7654.6,-2144.2
-7676.2,-2155.3
-7697.6,-2167.4
-7719.3,-2179.9
-7740.6,-2193.6
-7761.7,-2208.5
-7783.8,-2222.7
-7805.0,-2239.0
-7827.1,-2254.8
-7849.6,-2270.8
-7872.6,-2287.0
-7895.0,-2304.4
-7918.5,-2321.2
-7941.2,-2338.8
-7963.7,-2356.2
-7985.7,-2371.8
-8006.7,-2386.6
-8027.6,-2399.8
-8048.0,-2412.8
-8068.7,-2424.4
-8090.8,-2434.3
-8112.4,-2443.8
-8134.4,-2452.3
-8156.5,-2460.8
-8179.0,-2468.0
-8202.2,-2474.5
-8226.0,-2479.9
-8249.7,-2485.3
-8274.2,-2489.8
-8298.9,-2494.5
-8323.5,-2499.2
-8348.4,-2504.0
-8372.6,-2509.7
-8397.6,-2514.5
-8423.4,-2518.7
-8448.6,-2523.8
-8474.0,-2529.0
-8500.0,-2533.2
-8525.3,-2538.4
-8551.2,-2542.6
-8576.4,-2547.6
-8601.8,-2552.7
-8627.0,-2557.9
-8653.0,-2562.1
-8678.1,-2567.1
-8703.4,-2572.3
-8729.3,-2576.4
-8754.5,-2581.5
-8780.5,-2585.7
-8805.8,-2590.9
-8831.2,-2596.1
-8857.3,-2600.4
-8882.9,-2605.8
-8908.5,-2611.1
-8934.2,-2616.4
-8960.5,-2621.0
-8986.2,-2626.4
-9011.5,-2631.6
-9036.7,-2636.6
-9061.9,-2641.6
-9087.0,-2646.7
-9112.2,-2651.8
-9137.2,-2656.7
-9161.7,-2662.7
-9186.7,-2667.6
-9211.7,-2672.5
-9236.4,-2677.1
-9261.0,-2681.8
-9284.8,-2687.2
-9309.0,-2691.5
-9332.5,-2696.6
-9356.7,-2700.9
-9380.2,-2706.2
-9402.4,-2713.3
-9425.3,-2719.5
-9446.5,-2727.2
-9466.9,-2735.8
-9486.5,-2745.2
-9504.6,-2756.4
-9522.5,-2767.3
-9540.0,-2779.4
-9556.4,-2793.6
-9573.0,-2807.9
-9589.1,-2823.2
-9603.8,-2840.3
-9618.3,-2857.4
-9630.7,-2877.0
-9643.8,-2895.8
-9657.1,-2914.8
-9669.9,-2934.8
-9682.1,-2955.8
-9695.1,-2975.9
-9708.2,-2996.1
-9720.9,-3016.1
-9734.4,-3035.2
-9748.1,-3054.3
-9762.2,-3072.5
-9776.5,-3090.8
-9791.6,-3108.3
-9806.9,-3125.9
-9823.1,-3142.7
-9840.3,-3158.9
-9856.8,-3176.0
-9874.4,-3192.5
-9892.2,-3209.2
-9910.4,-3226.1
-9929.6,-3242.4
-9948.4,-3259.8
-9967.2,-3277.3
-9986.1,-3294.8
-10005.1,-3312.3
-10024.3,-3330.1
-10043.6,-3347.9
-10063.4,-3366.1
-10083.3,-3384.4
-10104.0,-3401.8
-10124.1,-3420.4
-10145.0,-3437.9
-10165.3,-3455.1
-10185.5,-3470.8
-10205.2,-3486.0
-10225.3,-3500.1
-10245.6,-3514.4
-10265.5,-3529.7
-10286.4,-3544.5
-10307.3,-3559.2
-10328.4,-3574.1
-10349.6,-3589.0
-10370.6,-3603.9
-10391.9,-3618.9
-10413.2,-3633.9
-10434.5,-3648.9
-10456.0,-3664.1
-10477.5,-3679.3
-10499.2,-3694.6
-10520.7,-3709.8
-10542.2,-3725.0
-10563.8,-3740.3
-10585.6,-3755.6
-10607.3,-3770.9
-10629.0,-3786.4
-10651.4,-3800.7
-10672.1,-3816.8
-10694.3,-3831.1
-10714.8,-3846.9
-10735.8,-3861.8
-10756.7,-3876.4
-10777.5,-3891.0
-10798.2,-3905.7
-10819.0,-3920.3
-10839.3,-3934.6
-10858.8,-3949.7
-10878.8,-3963.7
-10898.5,-3977.5
-10917.1,-3991.8
-10936.1,-4005.1
-10955.4,-4017.1
-10973.7,-4029.8
-10993.0,-4041.9
-11012.4,-4054.0
-11032.9,-4065.5
-11053.8,-4077.4
-11075.2,-4089.5
-11095.9,-4102.8
-11117.9,-4115.4
-11140.1,-4128.2
-11162.5,-4141.3
-11185.0,-4154.3
-11207.8,-4167.6
-11230.7,-4180.9
-11253.6,-4194.3
-11276.5,-4207.7
-11299.3,-4221.0
-11322.7,-4233.2
-11345.3,-4246.4
-11366.8,-4260.2
-11389.1,-4273.1
-11411.2,-4285.8
-11433.2,-4298.5
-11455.0,-4311.1
-11477.0,-4323.7
-11498.8,-4336.2
-11519.6,-4349.5
-11541.6,-4360.7
-11562.6,-4372.6
-11583.5,-4384.5
-11604.7,-4395.0
-11625.8,-4405.6
-11647.5,-4415.1
-11669.4,-4424.9
-11692.1,-4433.8
-11714.6,-4444.0
-11737.3,-4454.3
-11761.0,-4464.0
-11784.8,-4473.7
-11808.6,-4483.5
-11832.4,-4493.2
-11855.4,-4503.7
-11879.0,-4513.4
-11902.7,-4522.9
-11926.1,-4532.4
-11949.5,-4541.8
-11972.1,-4552.1
-11995.3,-4561.3
-12017.6,-4571.4
-12039.2,-4582.3
-12060.6,-4593.1
-12081.5,-4604.9
-12102.3,-4616.7
-12123.1,-4628.4
-12143.2,-4641.0
-12162.4,-4654.5
-12181.5,-4667.8
-12200.7,-4681.1
-12218.9,-4695.4
-12237.1,-4709.3
-12254.4,-4724.2
-12271.8,-4739.0
-12288.2,-4754.6
-12304.6,-4770.1
-12320.7,-4785.4
-12336.2,-4801.7
-12351.5,-4817.9
-12366.7,-4833.9
-12381.0,-4850.8
-12395.4,-4867.7
-12409.7,-4884.5
-12424.1,-4901.3
-12439.0,-4917.2
-12453.3,-4934.0
-12467.7,-4950.9
-12482.0,-4967.8
-12497.2,-4983.7
-12512.2,-4999.7
-12527.1,-5015.5
-12542.7,-5030.4
-12557.7,-5046.3
-12573.9,-5060.2
-12589.5,-5075.2
-12606.6,-5088.5
-12622.9,-5102.5
-12639.9,-5115.6
-12656.7,-5128.6
-12674.3,-5140.7
-12691.0,-5153.7
-12709.1,-5164.7
-12726.3,-5176.6
-12744.3,-5187.6
-12762.8,-5197.6
-12780.3,-5208.2
-12798.4,-5218.0
-12817.0,-5226.5
-12834.7,-5236.0
-12852.9,-5244.2
-12871.0,-5252.5
-12888.8,-5260.5
-12907.4,-5267.6
-12925.8,-5274.7
-12944.0,-5281.5
-12962.7,-5287.5
-12980.7,-5294.1
-12999.1,-5299.7
-13017.5,-5305.3
-13036.4,-5310.0
-13055.1,-5314.2
-13073.8,-5318.7
-13092.3,-5322.9
-13111.5,-5326.2
-13130.5,-5329.5
-13149.5,-5332.6
-13168.4,-5335.8
-13188.1,-5338.1
-13207.7,-5340.2
-13227.1,-5342.3
-13247.1,-5343.4
-13267.0,-5344.4
-13286.7,-5345.3
-13306.4,-5346.1
-13326.7,-5345.9
-13346.7,-5345.7
-13367.4,-5344.4
-13387.0,-5343.7
-13407.4,-5342.1
-13427.4,-5340.5
-13447.3,-5338.7
-13467.8,-5335.7
-13488.2,-5332.7
-13508.3,-5329.6
-13527.5,-5327.2
-13547.9,-5322.8
-13567.9,-5318.2
-13588.0,-5313.6
-13607.0,-5309.6
-13627.1,-5303.6
-13646.4,-5298.3
-13665.9,-5291.9
-13684.5,-5286.1
-13703.7,-5279.3
-13721.9,-5273.3
-13740.6,-5266.3
-13758.9,-5258.8
-13777.0,-5251.3
-13794.7,-5243.5
-13812.4,-5235.5
-13829.7,-5227.3
-13847.4,-5218.1
-13864.0,-5209.3
-13881.2,-5199.6
-13898.1,-5189.8
-13914.9,-5179.8
-13930.8,-5170.5
-13947.0,-5160.1
-13963.1,-5149.5
-13978.9,-5138.7
-13994.3,-5127.7
-14010.3,-5115.6
-14025.9,-5104.6
-14041.2,-5093.6
-14057.2,-5081.5
-14072.8,-5070.5
-14088.8,-5058.5
-14105.1,-5046.6
-14121.2,-5034.7
-14137.4,-5022.7
-14152.8,-5011.7
-14169.0,-4999.7
-14184.3,-4988.7
-14200.5,-4976.6
-14216.4,-4964.5
-14231.6,-4953.4
-14247.1,-4942.3
-14262.5,-4931.2
-14278.5,-4919.2
-14293.9,-4908.1
-14309.2,-4896.9
-14324.5,-4885.8
-14339.7,-4874.6
-14355.7,-4862.5
-14370.9,-4851.3
-14386.1,-4840.1
-14401.3,-4828.9
-14416.6,-4817.6
-14431.1,-4807.4
-14447.1,-4795.3
-14462.3,-4784.1
-14477.7,-4773.0
-14492.9,-4761.8
-14508.2,-4750.7
-14523.5,-4739.6
-14538.8,-4728.4
-14554.0,-4717.1
-14569.3,-4706.0
-14584.7,-4694.9
-14599.9,-4683.7
-14615.2,-4672.6
-14630.3,-4661.2
-14645.4,-4650.0
-14660.6,-4638.7
-14675.1,-4628.4
-14690.4,-4617.3
-14706.4,-4605.1
-14721.7,-4594.1
-14737.0,-4583.0
-14752.4,-4571.7
-14767.6,-4560.6
-14783.0,-4549.6
-14798.3,-4538.3
-14814.4,-4526.4
-14829.7,-4515.2
-14845.7,-4503.2
-14861.3,-4492.2
-14876.9,-4481.4
-14894.0,-4468.6
-14910.3,-4456.8
-14927.3,-4444.0
-14943.8,-4432.5
-14961.1,-4419.9
-14978.5,-4407.5
-14996.1,-4395.1
-15013.8,-4382.9
-15031.7,-4370.9
-15050.5,-4358.0
-15068.6,-4346.1
-15086.9,-4334.3
-15106.0,-4321.7
-15125.5,-4309.4
-15144.4,-4298.1
-15164.1,-4286.0
-15184.2,-4274.1
-15204.0,-4263.5
-15224.0,-4252.9
-15244.6,-4243.0
-15265.2,-4234.5
-15287.0,-4225.4
-15308.0,-4218.6
-15329.7,-4212.3
-15351.4,-4207.4
-15373.2,-4202.7
-15395.3,-4198.1
-15417.1,-4194.8
-15438.6,-4192.8
-15461.2,-4190.0
-15482.9,-4189.5
-15504.8,-4189.2
-15527.0,-4189.1
-15548.0,-4190.9
-15569.1,-4192.8
-15589.4,-4195.5
-15609.9,-4198.5
-15630.3,-4201.3
-15649.3,-4205.9
-15668.2,-4210.4
-15687.2,-4215.0
-15705.7,-4220.7
-15723.9,-4227.5
-15742.5,-4234.8
-15761.6,-4242.4
-15780.6,-4251.3
-15799.8,-4260.3
-15818.6,-4270.5
-15837.8,-4281.0
-15856.4,-4292.4
-15874.8,-4303.9
-15893.2,-4315.2
-15911.2,-4326.1
-15928.4,-4336.5
-15944.6,-4347.6
-15961.2,-4357.6
-15977.6,-4367.4
-15993.2,-4378.0
-16009.2,-4387.4
-16024.9,-4396.7
-16039.9,-4405.5
-16054.6,-4413.9
-16069.5,-4422.5
-16085.0,-4430.2
-16100.5,-4437.9
-16116.2,-4445.7
-16132.7,-4452.7
-16149.5,-4460.0
-16167.3,-4466.4
-16185.1,-4473.0
-16203.9,-4479.0
-16223.6,-4484.1
-16242.4,-4490.0
-16262.9,-4494.3
-16283.3,-4498.6
-16303.6,-4502.7
-16324.3,-4505.9
-16345.4,-4507.7
-16365.6,-4510.3
-16386.9,-4511.0
-16407.2,-4512.3
-16427.9,-4512.5
-16448.0,-4512.2
-16467.7,-4511.5
-16486.7,-4510.4
-16505.5,-4509.2
-16525.0,-4507.0
-16544.6,-4505.0
-16565.0,-4501.9
-16584.5,-4499.7
-16604.1,-4497.7
-16624.3,-4494.5
-16643.6,-4492.3
-16663.5,-4489.0
-16683.6,-4485.8
-16703.8,-4482.8
-16724.2,-4479.8
-16744.6,-4476.8
-16765.1,-4474.0
-16785.6,-4471.0
-16806.0,-4468.1
-16826.4,-4465.3
-16846.0,-4463.2
-16866.6,-4460.4
-16887.1,-4457.5
-16907.7,-4454.7
-16927.9,-4453.0
-16949.0,-4450.6
-16969.8,-4449.5
-16990.2,-4449.4
-17011.6,-4448.6
-17032.4,-4448.9
-17053.6,-4449.5
-17075.1,-4450.2
-17096.7,-4451.2
-17117.8,-4453.0
-17138.9,-4454.8
-17160.3,-4457.0
-17181.1,-4460.1
-17201.9,-4463.2
-17222.9,-4466.5
-17243.3,-4470.7
-17263.6,-4475.0
-17283.7,-4480.3
-17303.6,-4485.7
-17324.0,-4491.4
-17343.8,-4498.0
-17362.8,-4505.5
-17381.9,-4513.1
-17401.7,-4519.7
-17420.9,-4527.3
-17440.2,-4535.1
-17459.6,-4542.8
-17479.0,-4550.6
-17498.4,-4558.3
-17516.9,-4566.9
-17535.7,-4574.2
-17553.5,-4582.1
-17570.5,-4591.0
-17588.2,-4599.0
-17605.2,-4607.8
-17621.9,-4616.3
-17639.2,-4623.9
-17655.4,-4632.2
-17671.2,-4640.0
-17687.4,-4646.8
-17702.3,-4654.0
-17717.4,-4660.0
-17732.0,-4665.5
-17745.2,-4671.4
-17758.6,-4676.0
-17771.5,-4680.3
-17783.4,-4685.1
-17795.6,-4688.9
-17807.9,-4692.7
-17820.2,-4696.4
-17832.5,-4700.2
-17844.8,-4703.9
-17856.3,-4708.5
-17867.4,-4712.8
-17878.7,-4715.8
-17888.7,-4719.3
-17896.9,-4722.8
-17904.1,-4725.5
-17909.6,-4728.4
-17914.3,-4730.5
-17917.6,-4733.0
-17919.6,-4736.0
-17921.8,-4739.1
-17923.4,-4743.2
-17925.5,-4747.6
-17926.6,-4754.2
-17928.9,-4760.2
-17932.1,-4766.9
-17935.0,-4774.9
-17937.5,-4783.9
-17939.6,-4794.0
-17941.4,-4804.0
-17941.4,-4815.3
-17941.0,-4826.4
-17938.7,-4838.9
-17936.2,-4851.3
-17933.1,-4864.6
-17930.1,-4878.0
-17926.9,-4892.7
-17923.1,-4908.4
-17919.5,-4924.2
-17916.3,-4940.3
-17912.3,-4957.2
-17908.5,-4974.4
-17904.8,-4991.7
-17900.6,-5009.9
-17897.2,-5027.3
-17893.2,-5045.8
-17889.3,-5064.2
-17884.6,-5083.6
-17880.2,-5103.2
-17875.9,-5122.9
-17871.7,-5142.6
-17866.9,-5163.4
-17862.8,-5183.2
-17858.7,-5203.0
-17853.9,-5223.8
-17849.8,-5243.6
-17845.1,-5264.3
-17840.9,-5284.1
-17836.8,-5304.0
-17832.1,-5324.8
-17828.0,-5344.5
-17824.0,-5364.4
-17820.0,-5384.3
-17815.0,-5405.0
-17811.0,-5424.7
-17806.7,-5444.4
-17802.6,-5464.3
-17798.5,-5484.0
-17794.3,-5503.8
-17790.2,-5523.6
-17785.9,-5543.3
-17781.7,-5563.1
-17777.5,-5582.8
-17773.2,-5602.4
-17769.6,-5621.2
-17765.9,-5639.8
-17761.4,-5659.4
-17757.5,-5677.8
-17753.6,-5696.3
-17750.0,-5713.7
-17746.4,-5730.9
-17743.0,-5746.9
-17739.5,-5762.8
-17735.8,-5778.6
-17732.9,-5793.5
-17729.9,-5808.4
-17726.3,-5824.2
-17723.9,-5838.0
-17720.8,-5852.7
-17717.7,-5867.6
-17714.7,-5882.4
-17711.6,-5897.1
-17708.8,-5912.1
-17705.2,-5928.0
-17702.5,-5943.0
-17699.7,-5958.0
-17696.4,-5974.2
-17694.0,-5989.4
-17691.9,-6005.0
-17690.1,-6020.8
-17687.7,-6037.5
-17686.1,-6053.5
-17684.3,-6070.7
-17683.0,-6086.9
-17681.8,-6103.1
-17680.8,-6118.0
-17679.3,-6132.7
-17678.0,-6145.9
-17676.8,-6157.8
-17675.1,-6169.3
-17673.6,-6179.6
-17672.4,-6188.6
-17671.2,-6196.2
-17669.3,-6203.2
-17667.4,-6208.8
-17664.7,-6213.9
-17661.0,-6218.1
-17657.3,-6220.9
-17651.7,-6225.2
-17646.7,-6229.7
-17641.6,-6235.8
-17637.8,-6242.8
-17634.5,-6250.1
-17631.1,-6257.5
-17627.1,-6264.3
-17622.5,-6269.3
-17616.8,-6273.4
-17609.0,-6277.3
-17601.2,-6279.9
-17591.8,-6282.5
-17581.8,-6284.8
-17571.0,-6287.8
-17559.6,-6290.5
-17548.0,-6293.0
-17536.5,-6295.4
-17525.6,-6297.0
-17514.0,-6299.5
-17503.3,-6301.2
-17492.6,-6302.9
-17481.2,-6305.4
-17470.4,-6307.2
-17459.9,-6309.1
-17449.9,-6311.3
-17440.4,-6313.9
-17432.0,-6316.0
-17424.1,-6318.4
-17417.6,-6320.4
-17411.5,-6322.8
-17405.5,-6325.4
-17400.2,-6327.0
-17394.6,-6328.3
-17389.4,-6328.5
-17382.8,-6329.1
-17376.2,-6329.6
-17369.4,-6330.1
-17362.7,-6332.0
-17355.6,-6336.6
-17350.4,-6342.4
-17347.5,-6348.7
-17344.0,-6357.4
-17341.2,-6365.1
-17336.9,-6373.2
-17331.9,-6380.7
-17325.6,-6388.7
-17318.8,-6396.3
-17311.6,-6403.5
-17303.4,-6411.4
-17295.2,-6419.3
-17286.7,-6427.1
-17277.5,-6435.7
-17268.4,-6444.3
-17258.3,-6453.7
-17249.1,-6462.3
-17239.2,-6471.8
-17229.2,-6481.2
-17219.1,-6490.6
-17208.4,-6500.9
-17198.3,-6510.2
-17187.4,-6520.4
-17176.5,-6530.6
-17165.7,-6540.8
-17156.5,-6549.4
-17147.9,-6557.1
-17139.6,-6564.9
-17132.2,-6572.0
-17126.4,-6577.4
-17121.3,-6582.0
-17116.3,-6586.7
-17112.1,-6590.6
-17107.9,-6594.4
-17103.0,-6599.1
-17098.0,-6603.7
-17092.9,-6608.4
-17087.1,-6613.7
-17080.5,-6620.1
-17073.8,-6626.3
-17067.0,-6632.5
-17059.6,-6639.5
-17052.1,-6646.5
-17044.6,-6653.5
-17037.2,-6660.6
-17030.4,-6666.9
-17024.7,-6672.4
-17019.8,-6677.0
-17015.7,-6681.1
-17011.8,-6685.0
-17008.2,-6688.0
-17004.9,-6689.6
-17000.8,-6690.7
-16996.5,-6690.3
-16993.5,-6688.0
-16990.2,-6685.4
-16987.2,-6681.7
-16983.6,-6677.5
-16980.7,-6672.4
-16976.8,-6667.9
-16973.9,-6662.8
-16970.5,-6658.9
-16967.7,-6655.3
-16965.4,-6652.1
-16962.9,-6650.2
-16961.5,-6647.6
-16960.2,-6645.3
-16960.3,-6642.4
-16960.9,-6640.1
-16962.4,-6638.4
-16965.2,-6636.4
-16968.5,-6633.3
-16971.9,-6630.3
-16975.3,-6627.2
-16979.4,-6623.3
-16982.1,-6621.1
-16984.9,-6619.1
-16988.1,-6617.3
-16991.2,-6616.9
-16994.0,-6617.6
-16996.4,-6619.5
-16998.9,-6621.4
-17000.9,-6624.3
-17003.6,-6626.4
-17005.6,-6629.3
-17007.9,-6631.2
-17010.2,-6632.9
-17012.7,-6633.4
-17014.7,-6633.6
-17017.1,-6632.7
-17020.1,-6630.6
-17022.3,-6628.1
-17025.3,-6624.7
-17027.9,-6622.5
-17030.9,-6619.2
-17034.1,-6615.9
-17036.3,-6613.4
-17038.6,-6609.6
-17039.3,-6607.3
-17040.8,-6604.2
-17041.6,-6602.0
-17042.9,-6600.2
-17044.7,-6598.7
-17045.9,-6598.3
-17047.3,-6597.9
-17048.7,-6597.5
-17049.3,-6597.9
-17049.5,-6598.2
-17049.8,-6598.4
-17050.1,-6598.6
-17050.3,-6598.8
-17050.7,-6599.0
-17051.1,-6599.3
-17051.4,-6599.6
-17051.8,-6599.9
-17052.0,-6600.1
-17052.4,-6600.4
-17052.5,-6600.4
-17052.0,-6601.4
-17052.1,-6601.5
-17052.1,-6601.5
-17052.1,-6601.5
-17052.1,-6601.5
-17052.1,-6601.5
-17052.7,-6600.6
-17052.8,-6600.7
-17052.8,-6600.7
-17052.1,-6601.5
-17052.2,-6601.6
-17052.2,-6601.6
-17052.2,-6601.6
-17052.2,-6601.6
-17052.2,-6601.6
-17052.2,-6601.6
-17052.3,-6601.7
-17052.3,-6601.7
-17052.3,-6601.7
-17052.3,-6601.7
-17052.3,-6601.7
-17052.3,-6601.7
-17052.3,-6601.7
-17052.3,-6601.7
-17053.0,-6600.8
-17053.0,-6600.8
-17052.9,-6600.7
-17052.9,-6600.7
-17052.9,-6600.7
-17053.0,-6600.8
-17053.0,-6600.8
-17053.0,-6600.8
-17053.0,-6600.8
-17053.0,-6600.8
-17053.0,-6600.8
-17053.0,-6600.8
-17053.0,-6600.8
-17053.0,-6600.8
-17053.0,-6600.8
-17052.9,-6600.7
-17052.9,-6600.7
-17052.9,-6600.7
-17052.9,-6600.7
-17052.9,-6600.7
-17052.9,-6600.7
-17052.9,-6600.7
-17052.9,-6600.7
-17052.9,-6600.7
-17053.0,-6600.8
-17053.0,-6600.8
-17052.9,-6600.7
-17052.9,-6600.7
-17053.0,-6600.8
-17053.0,-6600.8
-17053.0,-6600.8
-17053.0,-6600.8
-17053.0,-6600.8
-17053.1,-6600.9
-17053.0,-6600.8
-17053.0,-6600.8
-17053.0,-6600.8
-17053.0,-6600.8
-17053.0,-6600.8
-17053.1,-6600.9
