x,y
0.0,0.0
-0.6,0.8
-1.7,2.2
-2.4,3.2
-2.4,3.0
-2.8,1.3
-4.4,-2.0
-7.8,-5.9
-11.2,-9.6
-13.8,-12.7
-14.8,-16.3
-14.0,-20.6
-11.1,-25.5
-6.2,-31.2
-0.6,-37.2
5.7,-43.5
11.5,-49.5
17.5,-55.5
23.4,-61.7
29.9,-68.6
37.2,-76.2
44.8,-84.2
52.5,-92.3
60.0,-100.5
67.5,-108.8
75.4,-117.5
82.8,-126.6
89.5,-136.4
95.0,-146.4
99.3,-156.6
102.3,-166.8
105.1,-176.9
106.5,-187.2
107.7,-197.9
108.8,-209.5
109.7,-221.6
111.3,-233.6
113.2,-244.9
116.2,-255.6
120.3,-265.4
124.5,-274.6
129.3,-282.9
134.7,-291.2
140.8,-299.6
147.8,-308.3
155.6,-317.1
164.3,-326.7
173.1,-336.5
181.6,-346.1
189.1,-354.7
195.5,-361.6
200.0,-366.9
204.5,-371.3
207.0,-375.5
209.0,-380.6
207.8,-386.2
203.6,-391.7
198.1,-397.0
191.2,-402.7
183.9,-408.5
177.0,-414.1
171.0,-419.7
166.5,-425.6
163.4,-432.5
160.1,-439.6
155.0,-445.7
147.9,-449.8
139.4,-452.8
130.7,-456.6
121.3,-461.9
112.1,-467.6
103.6,-473.0
95.4,-478.3
88.8,-483.3
82.9,-487.9
79.4,-492.0
77.5,-494.4
77.1,-495.0
77.4,-494.8
77.5,-494.4
77.6,-494.1
77.6,-494.0
77.3,-493.9
77.4,-493.8
77.4,-493.8
77.4,-493.7
77.4,-493.6
77.5,-493.4
77.5,-493.3
77.5,-493.1
77.5,-493.0
77.6,-492.9
77.5,-493.2
78.4,-494.2
77.9,-494.4
76.2,-496.5
73.6,-500.9
71.0,-506.8
68.0,-512.7
64.5,-518.6
59.8,-523.2
54.5,-526.5
48.5,-527.5
42.4,-526.3
35.8,-522.2
29.3,-515.5
25.2,-505.8
20.6,-496.1
14.6,-486.0
7.5,-476.1
-1.7,-465.4
-12.1,-454.2
-22.1,-443.5
-32.6,-432.6
-43.0,-421.7
-53.8,-410.5
-65.4,-399.4
-77.5,-387.8
-89.4,-376.0
-103.0,-363.5
-116.2,-351.1
-130.0,-338.9
-143.4,-327.2
-157.4,-315.7
-171.4,-304.4
-185.0,-293.4
-198.5,-282.6
-212.7,-271.7
-226.9,-261.2
-241.6,-250.7
-255.3,-240.5
-269.5,-230.3
-283.9,-220.3
-299.8,-210.4
-315.0,-200.8
-330.1,-191.3
-346.0,-181.8
-361.7,-172.5
-377.1,-163.3
-391.7,-154.0
-405.4,-144.9
-417.0,-136.2
-427.0,-128.7
-434.9,-122.7
-440.9,-118.6
-444.3,-116.3
-446.0,-115.4
-446.6,-114.9
-447.4,-114.4
-448.0,-114.0
-449.7,-113.2
-452.1,-112.0
-456.1,-110.6
-462.5,-109.3
-470.2,-108.6
-478.7,-107.2
-487.2,-103.9
-495.6,-98.0
-504.1,-91.2
-514.3,-84.8
-526.5,-79.6
-539.6,-74.8
-553.2,-70.2
-567.9,-65.2
-583.7,-59.8
-599.7,-54.1
-615.7,-48.2
-631.7,-42.3
-648.1,-36.2
-665.4,-29.8
-682.6,-23.2
-699.7,-16.6
-717.5,-9.9
-735.1,-3.4
-752.4,2.7
-769.8,8.5
-786.7,13.9
-803.8,19.2
-820.8,24.3
-837.5,29.1
-854.4,33.9
-870.8,38.6
-887.6,43.2
-904.4,47.4
-921.7,51.4
-938.5,55.7
-955.3,60.0
-972.0,64.2
-989.2,68.5
-1006.9,73.0
-1024.7,77.2
-1042.7,80.9
-1061.1,84.6
-1080.4,87.8
-1099.2,90.7
-1118.7,93.5
-1138.3,96.2
-1158.0,97.9
-1178.1,100.1
-1198.5,101.5
-1219.3,101.8
-1239.3,101.9
-1257.4,101.9
-1275.5,101.3
-1294.2,100.4
-1311.5,99.2
-1329.1,97.6
-1346.7,95.9
-1364.0,93.8
-1381.2,91.4
-1397.5,88.9
-1413.7,86.1
-1429.4,83.1
-1445.1,80.0
-1460.2,76.8
-1475.0,73.6
-1489.0,70.3
-1501.6,67.0
-1512.3,64.1
-1521.9,60.8
-1531.4,56.6
-1540.3,49.9
-1548.1,40.3
-1554.5,29.1
-1560.9,19.0
-1568.8,10.4
-1577.3,3.4
-1587.7,-2.3
-1599.2,-7.7
-1611.5,-11.3
-1624.5,-12.5
-1636.2,-7.8
-1649.0,-1.7
-1661.1,5.5
-1673.5,12.2
-1687.7,16.6
-1702.0,16.9
-1718.0,12.2
-1733.5,5.7
-1749.4,-1.7
-1766.0,-9.9
-1782.2,-19.3
-1798.1,-29.9
-1813.8,-41.4
-1829.4,-54.4
-1844.9,-68.9
-1860.7,-85.0
-1876.8,-102.1
-1892.6,-120.2
-1909.3,-138.5
-1926.3,-156.6
-1943.7,-174.6
-1960.7,-192.4
-1978.3,-209.5
-1995.8,-226.1
-2014.3,-241.8
-2033.0,-256.7
-2051.5,-270.9
-2070.4,-284.3
-2089.8,-296.7
-2109.1,-308.0
-2128.8,-319.0
-2148.2,-329.0
-2168.7,-338.1
-2189.2,-346.4
-2209.8,-354.0
-2230.3,-360.7
-2250.7,-366.9
-2271.5,-372.9
-2291.8,-378.8
-2313.2,-384.3
-2334.1,-389.9
-2355.6,-395.0
-2377.0,-400.1
-2398.6,-405.0
-2421.0,-409.5
-2442.8,-413.8
-2464.8,-418.0
-2487.0,-422.1
-2509.7,-426.3
-2532.0,-430.9
-2554.1,-436.7
-2576.4,-443.4
-2598.6,-450.9
-2620.2,-459.6
-2641.9,-469.2
-2662.9,-480.1
-2682.9,-492.0
-2702.6,-504.7
-2720.5,-517.7
-2736.1,-531.1
-2750.5,-544.5
-2763.9,-557.7
-2776.2,-571.5
-2787.9,-585.3
-2799.6,-599.3
-2811.1,-613.5
-2822.5,-627.7
-2833.9,-642.1
-2845.4,-656.6
-2857.3,-671.2
-2869.3,-685.9
-2881.4,-700.8
-2893.3,-715.8
-2905.3,-731.1
-2917.8,-746.5
-2931.0,-762.1
-2943.7,-778.3
-2957.4,-794.8
-2970.8,-811.9
-2985.2,-829.2
-2999.0,-846.6
-3013.6,-863.9
-3027.2,-881.2
-3041.0,-898.3
-3054.5,-915.1
-3068.0,-931.8
-3081.6,-948.1
-3094.8,-964.3
-3107.5,-980.3
-3120.2,-996.3
-3132.8,-1011.8
-3145.0,-1027.3
-3157.0,-1042.6
-3169.5,-1057.4
-3181.4,-1072.3
-3193.1,-1087.1
-3204.9,-1101.8
-3216.8,-1116.8
-3229.3,-1131.7
-3241.6,-1146.2
-3253.6,-1160.1
-3265.5,-1172.7
-3277.7,-1184.6
-3290.7,-1195.5
-3304.4,-1205.8
-3318.3,-1215.6
-3333.1,-1225.1
-3348.2,-1234.0
-3364.3,-1242.6
-3380.2,-1251.0
-3396.9,-1258.9
-3414.2,-1266.2
-3431.9,-1272.8
-3449.9,-1279.1
-3467.0,-1285.4
-3483.8,-1291.1
-3497.8,-1296.5
-3510.3,-1301.1
-3521.2,-1305.5
-3531.5,-1309.9
-3540.8,-1314.9
-3549.1,-1320.7
-3556.1,-1327.1
-3562.6,-1334.5
-3568.0,-1342.7
-3572.0,-1352.6
-3575.1,-1362.8
-3576.9,-1373.9
-3577.3,-1385.9
-3576.4,-1398.8
-3573.8,-1413.3
-3569.9,-1428.4
-3564.4,-1443.7
-3557.7,-1458.5
-3550.6,-1472.6
-3542.6,-1485.7
-3534.3,-1498.1
-3526.2,-1509.3
-3519.0,-1519.1
-3513.3,-1527.5
-3508.1,-1534.5
-3504.4,-1539.8
-3501.8,-1543.4
-3499.6,-1545.5
-3498.6,-1546.9
-3497.9,-1547.7
-3497.5,-1548.0
-3497.5,-1547.8
-3497.5,-1547.8
-3497.5,-1547.8
-3496.7,-1548.2
-3496.8,-1548.5
-3496.2,-1549.2
-3494.6,-1550.9
-3492.2,-1553.9
-3489.4,-1557.5
-3486.1,-1561.5
-3482.0,-1566.0
-3477.1,-1571.4
-3470.9,-1577.6
-3463.9,-1584.3
-3456.7,-1591.0
-3449.2,-1597.4
-3441.0,-1604.0
-3432.1,-1610.9
-3422.8,-1618.0
-3413.1,-1624.8
-3403.1,-1631.6
-3393.2,-1638.6
-3382.9,-1645.4
-3371.6,-1650.9
-3360.3,-1655.9
-3348.4,-1660.4
-3336.0,-1664.4
-3323.7,-1668.4
-3311.2,-1672.8
-3299.1,-1676.9
-3286.0,-1681.7
-3273.3,-1686.4
-3259.7,-1691.1
-3246.2,-1695.7
-3232.2,-1700.5
-3218.3,-1705.3
-3204.2,-1710.0
-3190.3,-1714.9
-3176.3,-1719.8
-3162.2,-1724.4
-3148.4,-1728.5
-3135.3,-1732.3
-3121.9,-1736.1
-3108.7,-1740.0
-3095.8,-1743.9
-3082.0,-1747.8
-3069.2,-1751.4
-3056.3,-1755.0
-3044.2,-1758.5
-3032.2,-1762.1
-3020.1,-1766.4
-3008.3,-1771.4
-2996.3,-1777.2
-2985.2,-1783.6
-2974.5,-1790.9
-2964.4,-1799.3
-2954.9,-1808.8
-2946.0,-1819.0
-2937.6,-1829.6
-2929.8,-1840.4
-2922.1,-1851.7
-2914.5,-1862.9
-2906.9,-1874.1
-2898.7,-1885.2
-2891.4,-1896.2
-2883.9,-1907.1
-2876.5,-1918.1
-2869.2,-1929.1
-2861.6,-1940.2
-2854.0,-1951.0
-2846.2,-1962.0
-2838.5,-1973.1
-2831.1,-1984.4
-2823.3,-1995.8
-2815.2,-2007.4
-2807.1,-2019.0
-2798.6,-2030.8
-2790.0,-2042.6
-2781.0,-2054.3
-2771.9,-2065.5
-2762.3,-2076.4
-2752.6,-2086.9
-2742.9,-2097.1
-2733.0,-2106.7
-2722.5,-2115.8
-2712.9,-2124.2
-2703.5,-2132.1
-2695.0,-2139.6
-2686.4,-2146.8
-2676.8,-2154.1
-2666.8,-2161.5
-2657.1,-2168.8
-2647.3,-2176.2
-2638.0,-2183.2
-2628.8,-2189.3
-2620.6,-2194.0
-2613.0,-2197.1
-2604.6,-2199.8
-2595.6,-2202.0
-2587.3,-2205.0
-2580.3,-2210.3
-2574.8,-2217.7
-2569.6,-2226.5
-2563.9,-2235.9
-2556.7,-2245.8
-2549.3,-2255.5
-2540.5,-2265.4
-2531.0,-2275.0
-2520.6,-2284.6
-2510.4,-2294.3
-2498.6,-2304.5
-2487.3,-2315.0
-2475.0,-2325.7
-2463.7,-2336.2
-2451.7,-2346.6
-2439.7,-2357.0
-2426.9,-2367.7
-2414.7,-2378.4
-2401.9,-2389.2
-2389.2,-2400.1
-2375.9,-2411.1
-2363.2,-2421.8
-2350.7,-2432.2
-2338.3,-2442.1
-2326.3,-2451.9
-2313.8,-2461.8
-2301.6,-2471.5
-2289.6,-2481.2
-2277.9,-2490.3
-2266.5,-2499.2
-2255.5,-2507.6
-2244.6,-2515.7
-2233.6,-2523.9
-2222.7,-2532.4
-2212.3,-2541.0
-2202.1,-2549.7
-2191.8,-2558.5
-2181.5,-2567.5
-2172.5,-2575.8
-2163.6,-2583.6
-2154.2,-2591.4
-2144.3,-2598.8
-2133.6,-2606.3
-2122.1,-2613.8
-2109.4,-2621.2
-2096.2,-2628.8
-2082.8,-2636.3
-2069.1,-2644.1
-2056.2,-2651.5
-2043.2,-2658.8
-2031.0,-2665.9
-2018.9,-2672.9
-2007.6,-2680.0
-1995.8,-2687.2
-1984.2,-2694.8
-1973.1,-2702.5
-1962.8,-2710.4
-1953.0,-2718.1
-1943.5,-2726.0
-1933.9,-2733.9
-1924.5,-2741.4
-1915.4,-2748.5
-1906.3,-2755.5
-1897.7,-2762.4
-1889.8,-2768.6
-1881.9,-2775.2
-1870.5,-2781.5
-1858.9,-2787.4
-1845.5,-2792.3
-1831.0,-2797.3
-1820.3,-2804.3
-1809.5,-2813.2
-1797.9,-2822.0
-1786.9,-2830.4
-1775.5,-2838.6
-1764.5,-2846.4
-1753.0,-2853.8
-1743.1,-2859.8
-1732.6,-2865.2
-1722.7,-2870.6
-1713.6,-2875.1
-1704.7,-2879.4
-1696.4,-2883.2
-1688.3,-2886.7
-1680.4,-2889.9
-1672.5,-2892.6
-1666.0,-2894.9
-1659.8,-2896.2
-1653.6,-2896.4
-1647.3,-2895.7
-1642.1,-2893.7
-1636.1,-2890.2
-1630.0,-2885.6
-1621.9,-2881.2
-1613.5,-2878.4
-1604.1,-2877.5
-1594.3,-2877.2
-1583.4,-2876.1
-1572.4,-2874.6
-1562.3,-2873.5
-1553.0,-2873.3
-1544.6,-2873.6
-1536.8,-2874.5
-1529.0,-2875.9
-1521.0,-2877.6
-1512.5,-2879.3
-1504.7,-2880.7
-1497.0,-2882.2
-1489.2,-2883.7
-1481.5,-2885.3
-1473.0,-2886.9
-1463.8,-2888.6
-1454.4,-2890.3
-1444.3,-2892.1
-1433.6,-2894.0
-1422.8,-2895.9
-1411.9,-2897.3
-1400.2,-2898.4
-1388.6,-2899.0
-1377.3,-2899.2
-1366.1,-2899.3
-1355.5,-2899.5
-1345.2,-2899.7
-1335.4,-2899.6
-1325.6,-2899.7
-1315.3,-2899.7
-1304.8,-2899.4
-1293.6,-2898.8
-1281.9,-2897.8
-1270.7,-2896.6
-1259.4,-2895.6
-1248.4,-2894.6
-1237.5,-2893.4
-1226.0,-2892.0
-1214.8,-2890.8
-1203.6,-2889.8
-1193.3,-2888.8
-1183.1,-2888.1
-1173.7,-2887.3
-1163.8,-2886.7
-1154.4,-2886.0
-1144.7,-2885.1
-1135.3,-2884.3
-1125.5,-2883.6
-1116.1,-2882.9
-1107.5,-2882.1
-1100.9,-2881.3
-1095.0,-2880.8
-1090.0,-2880.4
-1085.2,-2879.6
-1079.6,-2878.0
-1073.8,-2874.4
-1067.3,-2869.1
-1060.1,-2864.0
-1052.2,-2859.0
-1043.1,-2854.2
-1032.7,-2848.6
-1021.7,-2843.3
-1010.2,-2838.4
-998.5,-2834.0
-986.7,-2829.5
-974.3,-2825.1
-961.6,-2821.1
-948.0,-2817.3
-934.0,-2813.5
-919.9,-2809.5
-904.8,-2804.8
-889.4,-2799.5
-874.3,-2793.9
-858.9,-2788.5
-844.3,-2783.2
-829.7,-2777.8
-815.3,-2772.3
-800.9,-2767.0
-786.1,-2761.9
-771.0,-2757.2
-756.5,-2752.8
-741.0,-2749.2
-726.3,-2745.6
-710.6,-2742.4
-695.3,-2739.6
-679.4,-2737.3
-663.6,-2735.5
-647.5,-2734.1
-631.1,-2733.4
-615.4,-2733.3
-600.0,-2734.0
-584.9,-2735.6
-569.9,-2737.8
-556.0,-2740.7
-542.0,-2744.1
-529.3,-2747.7
-517.1,-2751.7
-505.2,-2755.9
-493.4,-2760.3
-482.8,-2764.5
-472.2,-2768.9
-461.7,-2773.7
-451.8,-2778.7
-443.1,-2784.0
-435.1,-2789.6
-428.3,-2795.4
-420.9,-2801.2
-414.3,-2807.3
-408.2,-2813.8
-402.4,-2820.1
-397.6,-2825.7
-393.5,-2831.1
-390.6,-2835.7
-388.4,-2840.7
-387.0,-2845.1
-385.6,-2849.5
-384.6,-2853.4
-383.8,-2857.0
-382.3,-2860.6
-379.8,-2865.0
-375.4,-2869.7
-369.8,-2873.9
-364.1,-2877.7
-358.8,-2882.2
-355.1,-2887.9
-354.4,-2894.8
-355.3,-2901.3
-358.0,-2907.1
-361.6,-2912.1
-365.9,-2916.3
-369.6,-2919.0
-372.1,-2921.1
-374.3,-2922.8
-376.0,-2924.5
-377.2,-2926.2
-378.4,-2927.6
-379.0,-2928.6
-379.5,-2929.1
-379.5,-2929.1
-379.4,-2928.8
-379.4,-2928.7
-380.0,-2928.9
-380.2,-2930.2
-381.3,-2932.2
-382.0,-2935.6
-382.3,-2940.0
-381.6,-2944.8
-380.4,-2949.6
-378.1,-2955.1
-375.3,-2960.5
-372.7,-2965.0
-370.7,-2968.9
-367.7,-2972.4
-365.2,-2976.9
-362.4,-2982.2
-357.8,-2987.7
-353.1,-2993.9
-348.3,-3000.6
-343.7,-3007.9
-339.5,-3015.0
-335.7,-3021.8
-331.0,-3028.6
-325.8,-3035.4
-321.1,-3042.0
-315.8,-3048.3
-311.1,-3054.7
-306.5,-3060.3
-302.5,-3064.5
-300.1,-3067.1
-298.8,-3068.7
-297.3,-3070.1
-294.9,-3072.4
-291.3,-3075.3
-288.1,-3077.7
-285.2,-3080.2
-282.3,-3082.7
-281.6,-3084.6
-280.8,-3085.6
-280.7,-3086.3
-280.0,-3088.2
-280.0,-3091.8
-281.8,-3096.5
-285.1,-3101.6
-289.3,-3107.1
-294.3,-3113.9
-299.2,-3122.1
-302.1,-3133.1
-304.1,-3143.7
-304.0,-3155.7
-304.3,-3167.6
-302.3,-3178.8
-299.1,-3189.3
-299.9,-3200.5
-299.9,-3210.8
-300.7,-3219.1
-301.8,-3224.0
-302.2,-3226.1
-303.4,-3227.8
-303.6,-3230.3
-304.2,-3235.6
-304.6,-3241.8
-304.7,-3248.9
-304.3,-3257.7
-304.1,-3268.0
-303.9,-3278.0
-303.4,-3287.7
-303.2,-3297.4
-303.2,-3307.3
-302.9,-3316.6
-302.9,-3324.9
-301.7,-3332.4
-300.7,-3338.6
-298.5,-3343.7
-296.8,-3347.4
-295.5,-3350.1
-295.1,-3352.3
-294.7,-3353.9
-294.9,-3354.6
-294.3,-3354.8
-294.3,-3354.7
-294.3,-3354.6
-294.3,-3354.4
-294.2,-3354.3
-294.2,-3354.3
-294.2,-3354.1
-294.2,-3354.1
-294.2,-3354.0
-294.2,-3354.0
-294.2,-3353.9
-294.2,-3353.9
-294.2,-3353.9
-294.1,-3353.8
-294.2,-3353.9
-294.2,-3354.0
-294.2,-3354.0
-294.2,-3354.1
-293.7,-3354.3
-293.7,-3354.4
-293.7,-3354.4
-293.7,-3354.5
-293.4,-3354.4
-293.4,-3354.4
-293.0,-3354.5
-293.0,-3354.5
-293.0,-3354.5
-293.0,-3354.5
-293.0,-3354.5
-292.9,-3354.4
-292.9,-3354.2
-292.7,-3353.5
-292.9,-3352.1
-293.4,-3350.6
-293.2,-3349.5
-293.8,-3348.1
-293.9,-3346.8
-294.0,-3345.2
-293.7,-3343.9
-293.6,-3343.1
-293.5,-3342.7
-293.5,-3342.6
-293.5,-3342.6
-293.4,-3342.4
-293.9,-3342.4
-293.9,-3342.4
-293.9,-3342.4
-293.9,-3342.4
-293.9,-3342.4
-294.3,-3342.2
-294.3,-3342.2
-294.3,-3342.2
-294.3,-3342.2
-294.3,-3342.2
-294.5,-3342.1
-294.5,-3342.1
-294.5,-3342.1
-294.5,-3342.1
-294.5,-3342.1
-294.5,-3342.3
-294.7,-3343.2
-295.1,-3345.1
-295.7,-3347.8
-296.1,-3350.9
-296.3,-3353.7
-296.2,-3355.4
-296.3,-3356.0
-296.3,-3355.9
-296.3,-3355.9
-296.3,-3355.9
-296.2,-3355.8
-296.2,-3355.8
-296.2,-3355.8
-296.2,-3355.8
-296.2,-3355.7
-296.2,-3355.7
-296.2,-3355.7
-296.2,-3355.7
-296.2,-3355.7
-296.2,-3355.7
-296.2,-3355.7
-296.2,-3355.7
-296.2,-3355.7
-296.2,-3355.5
-296.2,-3355.5
-296.2,-3355.5
-296.2,-3355.5
-296.2,-3355.5
-296.2,-3355.5
-296.2,-3355.5
-296.2,-3355.7
-296.2,-3355.7
-296.2,-3355.5
-296.2,-3355.5
-295.8,-3355.5
-295.8,-3355.6
-296.4,-3356.4
-297.3,-3358.8
-298.6,-3363.0
-299.7,-3368.3
-300.3,-3374.7
-300.8,-3382.5
-300.8,-3391.5
-301.1,-3400.3
-301.3,-3408.6
-303.0,-3416.4
-307.1,-3423.6
-312.5,-3430.7
-318.2,-3437.5
-322.3,-3443.9
-326.3,-3449.0
-331.7,-3452.8
-336.7,-3457.3
-342.2,-3463.1
-348.4,-3469.6
-353.1,-3475.7
-357.0,-3480.1
-359.5,-3482.9
-360.7,-3484.4
-361.6,-3485.5
-361.9,-3485.7
-361.8,-3485.6
-361.6,-3485.4
-361.5,-3485.3
-361.5,-3485.2
-361.5,-3485.0
-361.5,-3484.9
-361.5,-3484.9
-361.4,-3484.8
-361.4,-3484.7
-361.4,-3484.7
-361.4,-3484.6
-361.4,-3484.6
-361.4,-3484.6
-361.4,-3484.5
-361.4,-3484.5
-361.4,-3484.5
-361.4,-3484.5
-361.6,-3484.5
-361.4,-3484.5
-361.4,-3484.5
-361.6,-3484.7
-362.7,-3485.5
-364.9,-3487.7
-368.1,-3490.9
-372.0,-3494.5
-376.4,-3498.7
-381.9,-3504.0
-387.4,-3510.3
-393.7,-3516.3
-399.9,-3522.7
-406.2,-3529.7
-413.1,-3537.3
-420.2,-3545.3
-427.9,-3553.2
-436.2,-3561.1
-444.4,-3569.2
-453.1,-3577.2
-462.1,-3585.4
-471.2,-3593.7
-480.9,-3601.9
-491.3,-3609.0
-502.9,-3614.7
-515.3,-3618.5
-528.4,-3620.4
-541.5,-3620.1
-555.1,-3617.1
-568.2,-3611.7
-580.2,-3604.7
-591.2,-3596.1
-602.2,-3586.6
-613.0,-3576.4
-624.0,-3565.8
-634.8,-3555.1
-646.5,-3544.2
-656.8,-3533.3
-667.1,-3523.0
-676.2,-3514.1
-684.7,-3506.5
-692.2,-3500.3
-699.0,-3495.2
-705.4,-3490.4
-711.4,-3485.8
-717.3,-3481.2
-723.5,-3476.5
-729.2,-3472.2
-733.2,-3468.5
-737.3,-3464.7
-741.8,-3461.4
-746.5,-3459.3
-751.8,-3459.7
-756.9,-3462.5
-762.1,-3466.6
-767.9,-3471.2
-774.8,-3476.3
-782.4,-3481.5
-790.9,-3487.2
-800.3,-3493.2
-810.9,-3499.8
-821.6,-3506.8
-832.9,-3513.9
-844.4,-3521.5
-856.8,-3529.2
-869.9,-3537.0
-883.0,-3545.2
-896.8,-3553.5
-910.9,-3562.2
-925.4,-3570.8
-938.1,-3579.2
-950.8,-3587.1
-962.5,-3594.7
-974.1,-3601.9
-985.6,-3609.3
-997.2,-3616.8
-1008.4,-3624.0
-1019.3,-3630.4
-1029.9,-3636.4
-1040.5,-3642.5
-1050.5,-3648.9
-1060.8,-3655.1
-1070.5,-3661.4
-1079.7,-3668.0
-1087.7,-3674.9
-1094.8,-3681.2
-1100.0,-3686.8
-1103.4,-3691.8
-1105.7,-3695.3
-1106.3,-3698.1
-1107.0,-3701.4
-1106.4,-3705.1
-1106.0,-3709.7
-1107.3,-3715.7
-1110.1,-3722.5
-1113.8,-3730.1
-1117.8,-3738.3
-1122.0,-3747.4
-1126.3,-3756.7
-1129.8,-3766.0
-1133.4,-3776.3
-1136.7,-3786.2
-1140.2,-3796.2
-1142.7,-3806.8
-1144.9,-3817.3
-1147.0,-3828.2
-1148.4,-3839.3
-1149.1,-3850.5
-1149.7,-3861.8
-1148.7,-3873.3
-1146.6,-3885.0
-1143.2,-3896.8
-1140.0,-3908.8
-1136.3,-3921.3
-1131.9,-3934.1
-1127.3,-3946.9
-1122.3,-3959.2
-1117.3,-3970.8
-1111.6,-3982.1
-1105.9,-3993.1
-1100.7,-4003.3
-1095.2,-4013.2
-1089.5,-4022.8
-1083.6,-4032.4
-1077.3,-4042.0
-1070.9,-4051.3
-1064.5,-4060.7
-1057.5,-4069.9
-1050.2,-4078.8
-1042.9,-4087.8
-1035.2,-4096.9
-1028.0,-4106.1
-1020.4,-4116.0
-1013.0,-4126.4
-1005.4,-4137.2
-998.6,-4148.5
-991.2,-4160.3
-985.1,-4172.4
-979.2,-4185.2
-973.9,-4198.5
-969.2,-4211.8
-964.7,-4225.7
-961.3,-4239.1
-958.2,-4251.5
-955.2,-4263.1
-952.4,-4273.8
-949.5,-4283.4
-946.4,-4292.3
-943.0,-4300.6
-939.4,-4308.1
-935.6,-4314.8
-931.7,-4320.6
-927.1,-4325.6
-921.5,-4329.3
-916.2,-4332.8
-911.7,-4336.8
-908.9,-4341.7
-907.8,-4347.1
-910.9,-4352.4
-915.6,-4356.9
-923.4,-4358.6
-932.2,-4358.4
-940.8,-4357.7
-949.0,-4357.2
-956.1,-4357.6
-962.6,-4357.7
-969.3,-4357.6
-976.2,-4357.0
-982.4,-4357.6
-988.8,-4358.9
-995.4,-4361.1
-1002.9,-4363.7
-1010.0,-4366.2
-1016.4,-4367.9
-1023.0,-4367.5
-1028.4,-4364.5
-1033.9,-4358.2
-1039.6,-4350.8
-1046.7,-4342.5
-1054.8,-4333.1
-1062.3,-4323.7
-1070.2,-4314.0
-1077.5,-4304.9
-1084.1,-4297.0
-1090.1,-4289.9
-1095.7,-4283.0
-1101.8,-4275.7
-1108.1,-4267.6
-1115.2,-4258.8
-1122.7,-4249.5
-1130.5,-4239.7
-1138.2,-4230.3
-1145.2,-4221.9
-1151.1,-4214.9
-1156.6,-4208.1
-1162.7,-4200.8
-1168.9,-4192.9
-1176.4,-4184.6
-1183.8,-4175.9
-1190.7,-4167.7
-1196.2,-4160.8
-1200.1,-4155.5
-1203.8,-4150.4
-1207.9,-4144.8
-1212.7,-4138.5
-1218.3,-4131.5
-1224.0,-4124.0
-1231.4,-4115.7
-1238.6,-4107.0
-1245.6,-4098.4
-1251.9,-4090.8
-1256.7,-4084.9
-1260.9,-4080.7
-1263.7,-4077.6
-1266.6,-4075.5
-1269.8,-4074.5
-1274.4,-4074.3
-1280.2,-4074.8
-1287.3,-4075.3
-1293.3,-4075.7
-1299.9,-4075.6
-1306.4,-4075.3
-1312.5,-4075.5
-1316.3,-4076.9
-1319.0,-4079.1
-1320.3,-4081.3
-1321.6,-4083.2
-1322.5,-4085.0
-1322.9,-4086.8
-1323.3,-4088.4
-1323.6,-4089.9
-1323.8,-4090.9
-1323.4,-4091.8
-1323.4,-4092.0
-1323.4,-4092.0
-1323.4,-4092.1
-1323.4,-4092.1
-1322.9,-4092.2
-1323.0,-4092.3
-1323.0,-4092.3
-1322.6,-4092.4
-1322.7,-4092.5
-1322.7,-4092.5
-1322.7,-4092.6
-1322.7,-4092.8
-1322.7,-4092.9
-1322.8,-4093.0
-1322.8,-4093.0
-1322.8,-4093.0
-1322.8,-4093.0
-1322.8,-4093.2
-1322.8,-4093.3
-1323.0,-4094.1
-1323.9,-4096.7
-1325.2,-4100.4
-1327.8,-4104.6
-1331.3,-4110.2
-1334.9,-4116.4
-1338.4,-4122.3
-1342.0,-4127.9
-1345.9,-4134.2
-1350.9,-4141.1
-1356.3,-4148.0
-1361.4,-4154.8
-1366.9,-4160.8
-1371.9,-4166.4
-1377.5,-4170.9
-1383.3,-4174.3
-1388.8,-4177.0
-1394.3,-4178.9
-1400.1,-4180.1
-1405.2,-4180.7
-1410.4,-4179.9
-1414.5,-4177.7
-1418.8,-4174.5
-1423.0,-4171.5
-1429.1,-4169.3
-1436.2,-4168.0
-1444.4,-4167.4
-1453.6,-4167.3
-1462.5,-4167.7
-1470.0,-4168.5
-1477.3,-4169.3
-1484.1,-4170.1
-1491.0,-4171.8
-1498.0,-4174.1
-1504.6,-4176.1
-1510.9,-4177.5
-1516.2,-4178.8
-1520.3,-4179.7
-1523.0,-4180.4
-1524.2,-4180.7
-1524.9,-4181.0
-1526.2,-4181.1
-1529.1,-4180.4
-1532.0,-4177.4
-1533.6,-4172.8
-1534.7,-4167.3
-1535.5,-4161.2
-1536.3,-4154.2
-1537.9,-4145.7
-1540.3,-4135.9
-1542.9,-4125.2
-1545.6,-4113.6
-1547.9,-4101.0
-1550.4,-4087.2
-1551.9,-4074.2
-1553.2,-4063.4
-1554.0,-4054.9
-1555.1,-4047.7
-1556.0,-4039.9
-1557.2,-4031.0
-1558.3,-4021.0
-1559.8,-4010.1
-1562.6,-3997.8
-1565.9,-3984.7
-1569.8,-3971.6
-1574.1,-3959.2
-1578.4,-3948.2
-1582.4,-3938.4
-1587.5,-3928.2
-1592.6,-3917.3
-1598.6,-3906.0
-1604.8,-3895.7
-1610.1,-3887.8
-1614.5,-3881.9
-1618.0,-3877.7
-1620.5,-3874.7
-1622.6,-3872.5
-1624.8,-3870.3
-1627.3,-3868.2
-1629.6,-3866.4
-1631.6,-3865.2
-1632.4,-3864.9
-1632.5,-3864.9
-1632.5,-3865.1
-1632.0,-3865.1
-1632.1,-3865.2
-1632.1,-3865.2
-1632.5,-3865.1
-1633.3,-3864.8
-1634.5,-3864.0
-1636.5,-3862.8
-1639.7,-3861.6
-1642.9,-3860.6
-1648.0,-3860.1
-1654.0,-3861.7
-1660.2,-3866.5
-1666.6,-3873.7
-1672.3,-3882.3
-1678.9,-3892.3
-1686.2,-3903.5
-1693.0,-3915.1
-1700.3,-3926.9
-1706.9,-3939.6
-1713.7,-3953.0
-1720.2,-3967.0
-1727.3,-3981.3
-1734.3,-3995.7
-1741.6,-4009.7
-1748.8,-4022.9
-1756.1,-4035.6
-1765.0,-4050.3
-1776.0,-4061.0
-1788.4,-4069.9
-1802.0,-4075.7
-1816.3,-4079.3
-1832.7,-4079.0
-1849.1,-4077.1
-1866.1,-4073.9
-1883.4,-4067.9
-1900.2,-4061.3
-1916.5,-4056.7
-1930.7,-4053.3
-1945.2,-4050.6
-1959.0,-4049.1
-1973.8,-4048.7
-1988.1,-4048.4
-2001.7,-4049.0
-2016.3,-4050.6
-2029.8,-4052.5
-2043.0,-4054.4
-2055.6,-4056.1
-2068.4,-4057.6
-2081.6,-4058.9
-2094.6,-4060.7
-2108.6,-4062.1
-2123.1,-4063.7
-2137.4,-4065.9
-2153.6,-4068.3
-2169.8,-4071.0
-2186.1,-4073.9
-2202.8,-4077.6
-2219.4,-4081.2
-2236.4,-4084.6
-2253.4,-4088.3
-2269.2,-4091.9
-2285.0,-4095.3
-2299.3,-4098.9
-2312.4,-4102.4
-2324.3,-4105.8
-2335.4,-4109.7
-2347.6,-4112.7
-2359.8,-4115.8
-2371.7,-4118.6
-2382.9,-4121.6
-2393.7,-4124.6
-2403.7,-4127.2
-2414.1,-4129.9
-2424.5,-4132.8
-2434.8,-4135.8
-2445.1,-4139.2
-2455.0,-4142.6
-2465.9,-4145.8
-2476.6,-4148.8
-2487.4,-4152.0
-2498.5,-4155.2
-2509.5,-4158.4
-2519.4,-4161.5
-2528.8,-4164.5
-2537.9,-4167.7
-2547.2,-4171.0
-2556.3,-4174.6
-2565.9,-4178.2
-2576.0,-4182.2
-2586.1,-4186.4
-2596.7,-4190.8
-2607.1,-4195.5
-2618.0,-4200.0
-2628.8,-4204.7
-2639.5,-4210.2
-2651.9,-4215.8
-2664.0,-4221.8
-2677.3,-4228.2
-2690.7,-4235.1
-2704.6,-4242.0
-2717.5,-4249.3
-2729.9,-4256.3
-2742.0,-4263.0
-2753.1,-4269.6
-2764.0,-4275.7
-2774.5,-4281.4
-2784.8,-4287.0
-2795.7,-4292.1
-2806.1,-4297.3
-2816.4,-4302.5
-2827.6,-4307.5
-2838.8,-4312.3
-2850.1,-4317.3
-2861.1,-4322.1
-2872.2,-4326.8
-2883.7,-4331.2
-2895.2,-4335.6
-2906.8,-4339.7
-2917.0,-4343.2
-2926.9,-4346.2
-2935.9,-4349.2
-2944.4,-4351.9
-2951.2,-4354.7
-2956.3,-4358.8
-2958.8,-4364.2
-2958.9,-4371.0
-2956.9,-4378.3
-2953.5,-4385.8
-2948.8,-4393.9
-2944.5,-4402.0
-2939.1,-4410.5
-2933.0,-4418.5
-2925.9,-4426.5
-2918.3,-4434.2
-2909.9,-4441.4
-2900.2,-4448.9
-2891.0,-4457.0
-2882.9,-4466.5
-2876.5,-4477.8
-2870.9,-4491.6
-2869.5,-4505.7
-2868.9,-4519.4
-2868.2,-4530.8
-2867.9,-4539.6
-2866.8,-4543.5
-2866.3,-4546.5
-2866.0,-4549.0
-2866.5,-4551.5
-2868.8,-4554.2
-2873.1,-4556.8
-2879.3,-4559.0
-2887.3,-4560.7
-2896.9,-4562.5
-2906.1,-4564.4
-2914.0,-4566.9
-2920.6,-4570.9
-2925.6,-4576.4
-2928.8,-4582.9
-2929.6,-4588.7
-2928.5,-4593.7
-2927.8,-4597.8
-2928.6,-4601.3
-2930.2,-4603.6
-2933.2,-4603.6
-2935.4,-4601.4
-2935.8,-4597.8
-2934.3,-4594.3
-2931.8,-4590.9
-2929.8,-4587.5
-2928.3,-4584.0
-2927.0,-4580.4
-2925.1,-4577.4
-2924.2,-4575.0
-2922.9,-4573.1
-2922.5,-4571.4
-2922.7,-4570.1
-2923.3,-4569.1
-2923.9,-4568.3
-2924.8,-4567.1
-2925.2,-4565.8
-2926.2,-4564.3
-2926.9,-4563.3
-2927.2,-4562.5
-2927.8,-4561.8
-2928.5,-4561.0
-2929.0,-4560.2
-2929.6,-4559.7
-2929.6,-4559.7
-2929.6,-4560.0
-2930.1,-4560.0
-2930.1,-4560.0
-2930.1,-4559.9
-2929.6,-4559.9
-2929.6,-4559.7
-2929.2,-4559.8
-2929.1,-4559.6
-2929.1,-4559.6
-2929.1,-4559.4
-2929.1,-4559.4
-2928.8,-4559.4
-2928.8,-4559.4
-2928.8,-4559.4
-2928.8,-4559.3
-2928.8,-4559.3
-2928.8,-4559.3
-2928.8,-4559.2
-2928.8,-4559.2
-2928.8,-4559.2
-2928.8,-4559.2
-2928.8,-4559.2
-2928.8,-4559.2
-2928.8,-4559.2
-2929.1,-4559.1
-2929.1,-4559.1
-2929.1,-4559.1
-2929.1,-4559.1
-2929.1,-4559.1
-2929.1,-4559.1
-2929.1,-4559.1
-2929.4,-4558.9
-2929.4,-4558.9
-2929.4,-4558.9
-2929.4,-4558.9
-2929.4,-4558.9
-2929.4,-4558.8
-2929.4,-4558.8
-2929.8,-4558.7
-2929.8,-4558.7
-2929.8,-4558.7
-2929.8,-4558.6
-2929.8,-4558.6
-2929.8,-4558.6
-2929.8,-4558.6
-2929.8,-4558.6
-2929.8,-4558.5
-2929.8,-4558.5
-2929.8,-4558.5
-2929.8,-4558.5
-2930.2,-4558.3
-2930.2,-4558.3
-2930.2,-4558.3
-2930.2,-4558.3
-2930.2,-4558.3
-2930.2,-4558.3
-2930.1,-4558.1
-2930.1,-4558.1
-2930.1,-4558.1
-2930.1,-4558.1
-2930.1,-4558.0
-2930.5,-4557.9
-2930.5,-4557.9
-2930.5,-4557.9
