x,y
0.0,0.0
-0.2,0.1
-0.4,0.3
-0.6,0.4
-0.7,0.5
-0.8,0.6
-0.8,0.6
-0.1,1.6
-0.3,1.7
-0.4,1.8
-0.6,2.0
0.0,2.9
-0.7,3.5
-0.4,6.3
-2.0,9.3
-2.6,14.3
-3.1,19.3
-2.7,25.0
-1.4,29.8
2.1,34.2
8.3,37.7
15.3,39.0
23.4,39.3
33.0,39.7
43.1,39.7
54.1,40.5
64.3,40.4
75.9,40.6
87.6,40.6
100.3,41.4
113.0,42.3
125.5,43.1
138.0,44.1
150.4,45.1
162.7,46.2
174.8,47.4
187.6,49.7
199.5,51.2
211.8,53.8
223.7,56.7
235.4,59.9
246.0,62.5
255.1,64.9
262.5,67.4
266.4,68.4
268.5,69.4
268.5,69.4
268.3,69.6
268.2,69.7
268.1,69.8
268.0,69.9
267.9,70.0
267.9,70.0
267.7,70.1
267.7,70.1
267.6,70.2
267.5,70.3
267.4,70.4
267.4,70.5
267.3,70.5
267.2,70.6
267.1,70.7
267.0,70.8
267.0,70.8
266.9,70.8
266.1,70.1
266.1,70.1
266.0,70.2
265.9,70.3
265.9,70.3
265.9,70.3
265.9,70.3
265.8,70.4
265.8,70.4
265.7,70.5
265.8,70.4
266.9,70.8
270.2,72.5
274.4,73.3
280.5,75.3
286.7,77.2
293.1,79.0
300.7,81.3
309.3,84.2
317.9,87.0
326.7,89.7
337.3,93.9
348.2,97.9
359.9,102.3
370.9,106.2
382.7,110.8
395.2,114.8
408.2,119.8
420.9,126.6
433.2,129.3
445.8,136.2
457.5,142.4
469.4,150.0
480.8,157.9
492.2,166.0
503.5,174.0
515.6,183.0
527.1,191.0
538.9,200.1
550.3,206.6
561.9,214.4
573.7,223.6
585.8,232.4
597.8,241.5
609.4,249.3
621.8,259.5
632.8,267.8
644.2,277.4
654.8,287.7
665.4,297.9
674.6,307.8
683.8,319.3
692.4,331.6
700.6,343.9
708.6,356.4
716.6,369.0
724.6,381.6
732.8,394.1
740.2,405.7
747.6,417.2
754.9,428.8
762.5,440.3
769.2,451.1
776.7,462.5
783.9,472.7
792.0,483.7
800.3,494.5
808.5,505.4
817.6,515.4
826.5,525.7
835.6,535.8
847.0,549.9
854.5,559.8
861.8,571.5
866.9,582.2
872.5,595.3
877.3,607.8
882.5,619.8
887.7,631.7
892.8,643.9
898.5,657.0
903.5,669.3
909.2,682.4
913.5,695.2
917.7,709.6
920.8,723.6
924.4,738.7
928.5,753.3
933.5,767.0
939.6,781.3
946.5,794.9
954.7,808.9
963.0,821.2
972.1,832.8
982.0,843.7
992.6,854.0
1004.0,863.4
1015.9,872.6
1028.1,879.9
1040.4,887.0
1053.5,895.0
1066.3,901.9
1079.0,908.7
1091.7,915.5
1104.2,922.6
1116.3,929.9
1128.9,938.4
1140.4,946.3
1152.6,955.2
1164.1,963.0
1176.4,970.4
1188.9,977.4
1201.8,983.9
1214.7,990.6
1227.5,997.3
1240.2,1004.3
1253.2,1012.4
1265.3,1019.7
1277.7,1028.4
1289.5,1037.5
1300.7,1047.2
1311.5,1057.4
1322.6,1068.7
1333.3,1080.4
1344.0,1092.1
1354.7,1103.9
1365.4,1115.6
1375.4,1126.4
1386.4,1137.8
1398.0,1148.7
1410.0,1159.3
1422.5,1169.4
1434.3,1178.5
1447.3,1188.2
1459.6,1196.9
1472.1,1205.5
1484.3,1214.3
1497.3,1224.0
1508.9,1231.8
1521.0,1240.6
1533.3,1249.4
1545.5,1258.3
1557.1,1267.6
1569.5,1277.8
1581.4,1288.4
1593.1,1297.8
1605.4,1308.1
1616.6,1317.7
1628.7,1328.1
1640.6,1338.8
1651.8,1348.5
1663.8,1359.0
1675.0,1368.8
1686.2,1378.5
1697.5,1388.1
1708.7,1396.3
1721.3,1404.8
1733.6,1412.0
1745.3,1418.2
1757.7,1425.2
1769.2,1431.7
1781.3,1439.0
1792.7,1445.5
1803.6,1452.5
1813.8,1459.9
1823.7,1467.8
1834.4,1478.0
1843.6,1486.4
1853.5,1495.8
1863.3,1505.2
1873.8,1515.5
1883.4,1525.2
1893.9,1535.6
1903.7,1544.9
1914.6,1554.9
1925.5,1565.0
1936.2,1575.0
1945.7,1584.8
1955.7,1595.6
1965.3,1606.8
1974.6,1618.2
1983.8,1629.6
1993.2,1641.1
2001.8,1651.6
2011.4,1662.6
2020.0,1673.1
2029.5,1684.4
2039.3,1695.5
2049.3,1706.2
2059.4,1716.9
2069.7,1727.4
2079.6,1738.3
2089.5,1749.2
2099.0,1760.4
2108.6,1771.5
2117.9,1783.1
2127.1,1794.4
2137.0,1807.0
2145.6,1819.0
2154.6,1832.2
2162.4,1845.1
2170.5,1859.1
2176.7,1871.7
2184.0,1884.9
2191.5,1898.0
2198.8,1911.2
2206.0,1924.5
2212.0,1937.3
2217.4,1950.8
2221.6,1963.7
2225.4,1977.1
2229.2,1990.3
2233.8,2004.4
2237.9,2017.4
2242.6,2031.5
2247.3,2044.0
2252.9,2057.2
2258.9,2070.0
2264.8,2082.9
2270.7,2096.0
2276.2,2107.7
2282.1,2119.1
2289.2,2130.8
2295.9,2141.6
2304.0,2152.7
2312.2,2163.5
2322.2,2174.3
2331.9,2183.7
2342.1,2192.9
2353.3,2202.5
2364.5,2212.3
2376.3,2223.0
2387.4,2232.9
2398.4,2242.6
2409.6,2252.4
2421.5,2263.0
2432.7,2272.8
2443.8,2282.7
2455.5,2293.4
2467.3,2304.1
2478.5,2313.8
2490.6,2324.3
2502.0,2333.9
2514.5,2343.9
2527.4,2353.7
2540.7,2363.1
2553.5,2371.4
2567.5,2380.2
2580.7,2388.0
2594.0,2395.9
2607.1,2403.9
2620.1,2412.0
2632.8,2420.4
2643.8,2427.2
2655.3,2435.1
2665.4,2442.8
2674.9,2451.0
2684.3,2459.2
2692.8,2466.8
2701.2,2474.3
2708.7,2481.3
2714.2,2486.9
2718.6,2492.0
2721.2,2497.4
2720.7,2502.2
2717.7,2506.4
2713.1,2510.5
2708.3,2516.2
2703.1,2522.6
2696.7,2529.8
2689.2,2538.0
2681.9,2547.6
2674.2,2556.1
2666.0,2564.8
2658.3,2574.9
2649.9,2585.5
2640.1,2595.6
2631.2,2606.7
2622.6,2617.5
2613.3,2627.4
2604.4,2638.3
2595.2,2649.6
2585.4,2659.9
2576.6,2670.9
2567.6,2680.5
2560.0,2690.3
2553.4,2700.9
2547.9,2711.8
2543.5,2723.3
2540.7,2736.5
2537.9,2749.6
2534.9,2763.0
2531.7,2776.4
2529.8,2790.3
2528.0,2804.2
2526.1,2817.9
2524.2,2831.8
2523.0,2846.6
2521.7,2861.4
2519.8,2875.3
2519.3,2890.9
2517.4,2904.8
2516.3,2919.4
2515.3,2934.0
2515.2,2949.4
2514.3,2963.8
2513.6,2978.1
2512.9,2992.4
2512.0,3006.9
2510.3,3020.6
2508.3,3034.4
2506.4,3048.4
2504.9,3061.9
2503.0,3074.3
2501.8,3087.4
2501.2,3100.1
2503.1,3113.7
2506.3,3127.3
2511.5,3141.0
2516.4,3153.4
2521.9,3166.7
2526.1,3179.5
2529.9,3192.8
2532.0,3206.2
2533.3,3220.2
2533.0,3234.2
2532.8,3249.6
2532.0,3265.4
2530.7,3280.3
2530.4,3295.7
2529.6,3310.2
2528.7,3324.7
2527.1,3338.3
2525.1,3352.3
2521.9,3365.8
2517.6,3378.6
2512.5,3390.8
2505.4,3401.8
2497.3,3412.1
2488.1,3421.8
2477.9,3431.1
2467.6,3440.3
2457.5,3449.4
2447.5,3458.2
2438.5,3467.9
2429.7,3477.3
2422.1,3488.6
2416.3,3501.4
2411.7,3514.7
2409.1,3529.2
2407.0,3543.3
2407.1,3558.3
2408.5,3573.8
2409.3,3588.4
2410.8,3603.7
2411.9,3618.0
2412.3,3631.2
2413.6,3645.2
2415.0,3659.2
2416.3,3673.1
2417.7,3687.1
2418.9,3701.3
2420.2,3715.3
2421.9,3729.1
2424.4,3743.5
2427.1,3757.7
2430.0,3771.9
2433.9,3786.8
2437.7,3801.5
2441.6,3816.3
2445.4,3831.2
2450.0,3846.7
2454.1,3861.3
2459.1,3876.7
2463.0,3891.4
2467.2,3905.9
2470.7,3919.5
2475.3,3933.6
2479.4,3946.7
2483.5,3959.6
2488.0,3972.3
2493.1,3984.4
2499.2,3997.3
2504.7,4009.0
2510.2,4020.7
2515.0,4031.6
2519.7,4042.5
2524.1,4053.8
2527.2,4064.6
2530.8,4076.6
2533.1,4088.1
2536.3,4100.5
2538.4,4112.2
2541.1,4124.9
2543.8,4137.7
2546.4,4150.5
2549.1,4163.4
2551.6,4176.2
2554.4,4188.9
2556.5,4200.7
2559.2,4213.5
2562.1,4226.1
2565.4,4239.8
2567.7,4252.9
2568.7,4265.8
2569.9,4279.9
2570.6,4294.3
2569.8,4307.2
2568.6,4320.5
2567.3,4333.9
2565.8,4347.3
2565.1,4361.6
2563.5,4375.2
2562.1,4388.6
2559.9,4401.1
2558.7,4414.4
2557.6,4427.5
2556.4,4440.8
2555.1,4454.1
2553.8,4467.4
2552.5,4480.8
2550.1,4493.5
2547.5,4506.5
2544.9,4519.5
2541.8,4532.8
2538.0,4545.4
2534.6,4558.9
2531.5,4572.5
2527.6,4585.1
2524.7,4598.4
2521.0,4610.7
2518.2,4623.9
2515.3,4637.1
2513.5,4651.0
2511.5,4664.8
2509.8,4678.5
2509.7,4693.8
2508.5,4707.1
2507.9,4721.2
2506.6,4734.6
2504.4,4747.2
2503.0,4760.6
2500.9,4773.2
2498.5,4785.9
2496.2,4798.6
2493.7,4811.5
2490.3,4823.7
2487.7,4836.6
2484.3,4848.8
2480.7,4861.1
2476.3,4872.6
2472.4,4885.1
2467.7,4897.0
2462.7,4909.1
2457.1,4920.2
2452.0,4930.9
2447.6,4940.9
2443.1,4949.4
2439.4,4957.2
2435.8,4963.6
2431.7,4968.7
2427.9,4973.6
2423.6,4977.5
2418.1,4980.8
2412.4,4984.6
2406.2,4988.6
2398.9,4992.2
2390.4,4993.7
2382.2,4995.0
2372.9,4995.8
2362.2,4996.3
2350.8,4997.4
2340.1,4999.5
2329.1,5001.8
2317.6,5004.5
2307.2,5009.3
2297.1,5015.3
2286.8,5021.6
2277.0,5028.8
2267.9,5037.0
2258.0,5044.3
2248.7,5052.7
2238.6,5060.2
2229.5,5068.4
2219.9,5075.5
2210.3,5082.6
2202.0,5090.1
2193.7,5096.0
2186.4,5101.0
2181.2,5105.7
2176.2,5108.7
2171.6,5111.3
2166.6,5112.9
2161.2,5113.2
2154.9,5111.2
2148.4,5108.0
2141.6,5103.6
2135.0,5098.9
2127.6,5093.4
2120.3,5087.9
2113.9,5083.0
2107.8,5078.0
2103.0,5073.1
2099.0,5067.8
2095.4,5063.3
2090.1,5059.1
2083.5,5055.9
2076.8,5053.0
2069.5,5049.0
2061.6,5043.9
2053.9,5038.7
2047.2,5034.1
2040.2,5028.3
2034.0,5023.3
2029.0,5018.7
2024.2,5013.9
2019.9,5008.8
2015.9,5004.9
2010.7,5001.9
2004.9,4999.6
1998.4,4996.4
1992.2,4992.9
1985.7,4988.2
1979.2,4983.5
1972.8,4978.6
1966.4,4973.7
1960.1,4968.9
1953.9,4963.8
1947.6,4958.9
1941.6,4953.7
1934.7,4947.8
1929.2,4943.6
1924.3,4940.5
1919.3,4939.0
1914.8,4940.0
1910.9,4943.5
1908.0,4949.1
1904.6,4955.2
1900.5,4962.0
1895.7,4969.3
1891.1,4977.9
1886.1,4987.0
1879.9,4995.5
1874.4,5005.1
1869.2,5014.2
1864.4,5023.1
1859.7,5030.3
1855.1,5035.9
1850.9,5041.2
1846.9,5046.4
1843.6,5052.3
1841.0,5059.2
1837.2,5065.7
1832.8,5072.6
1827.9,5080.0
1822.6,5087.8
1816.8,5096.0
1811.1,5104.2
1805.3,5112.4
1799.9,5120.3
1794.0,5127.2
1788.2,5133.8
1782.4,5140.5
1775.5,5145.1
1768.5,5148.5
1760.5,5149.6
1752.3,5149.5
1743.9,5148.0
1735.2,5145.1
1727.1,5141.8
1718.4,5137.5
1709.9,5133.1
1701.3,5128.6
1693.0,5123.9
1685.9,5119.8
1679.7,5116.3
1674.7,5113.2
1671.0,5110.5
1668.4,5108.4
1666.6,5106.9
1665.1,5105.3
1662.6,5101.6
1660.5,5097.3
1657.8,5092.3
1653.5,5087.1
1648.2,5084.3
1642.0,5083.8
1636.1,5086.0
1631.6,5090.2
1629.1,5096.8
1627.8,5104.1
1626.8,5112.5
1625.7,5122.7
1622.8,5132.9
1619.0,5143.8
1614.5,5153.9
1610.4,5165.2
1605.9,5176.7
1601.9,5189.6
1597.6,5202.5
1593.9,5216.5
1589.7,5229.3
1586.7,5242.7
1584.0,5255.8
1581.2,5268.9
1579.5,5282.6
1577.0,5295.4
1575.5,5309.0
1574.0,5322.4
1572.5,5336.0
1572.1,5350.0
1571.7,5364.0
1571.2,5378.1
1571.0,5392.0
1571.8,5406.6
1572.7,5421.0
1573.7,5435.3
1575.0,5449.3
1576.5,5463.1
1578.1,5476.9
1579.6,5490.7
1581.9,5505.3
1583.7,5519.0
1585.4,5532.7
1587.0,5546.3
1588.8,5560.0
1589.9,5572.6
1591.6,5586.4
1593.0,5598.7
1594.3,5609.6
1595.1,5618.0
1595.4,5625.3
1594.2,5630.8
1592.7,5636.8
1589.8,5642.5
1585.2,5648.0
1582.6,5655.0
1582.4,5662.7
1584.2,5670.2
1588.8,5678.2
1593.6,5685.8
1597.9,5694.1
1600.9,5703.6
1603.5,5714.8
1604.6,5726.0
1605.2,5737.6
1605.8,5749.1
1607.2,5761.5
1608.3,5774.2
1609.3,5785.5
1607.3,5797.9
1604.0,5810.0
1600.2,5820.9
1595.8,5831.0
1587.4,5840.1
1579.4,5848.7
1571.2,5857.7
1563.7,5867.4
1557.1,5877.9
1552.1,5890.0
1547.5,5901.8
1544.2,5913.7
1542.7,5927.3
1540.9,5939.6
1541.0,5953.1
1540.9,5965.3
1543.5,5978.3
1546.5,5989.1
1550.8,5999.0
1555.1,6007.2
1559.3,6015.6
1562.6,6023.1
1564.6,6030.3
1564.7,6036.4
1563.1,6042.2
1559.8,6048.2
1555.1,6054.0
1548.9,6059.6
1543.9,6067.0
1540.3,6074.8
1539.5,6083.1
1541.0,6090.9
1545.1,6099.3
1551.4,6107.3
1558.8,6115.7
1565.9,6124.6
1572.5,6133.8
1579.0,6143.1
1585.3,6152.6
1592.0,6161.8
1599.0,6170.6
1607.7,6179.6
1617.2,6187.7
1627.5,6195.1
1639.3,6202.8
1650.7,6209.2
1662.3,6215.5
1673.9,6221.9
1686.4,6228.9
1698.1,6235.1
1710.1,6241.0
1721.4,6246.0
1733.8,6251.6
1746.4,6257.0
1758.3,6261.6
1771.0,6266.9
1782.9,6271.3
1795.5,6276.7
1807.9,6282.3
1820.3,6287.9
1831.9,6292.6
1844.5,6298.1
1856.7,6303.9
1868.7,6309.8
1880.5,6315.9
1892.3,6322.0
1903.4,6327.2
1915.2,6333.2
1926.4,6338.5
1936.2,6343.3
1945.1,6347.3
1953.7,6351.8
1961.2,6355.5
1967.1,6357.9
1973.0,6361.6
1976.6,6363.0
1980.8,6365.1
1983.6,6365.6
1986.3,6366.1
1990.9,6368.1
1995.8,6369.8
2002.1,6371.7
2008.1,6373.8
2014.4,6375.7
2021.6,6378.3
2028.2,6379.9
2035.0,6381.4
2042.0,6382.6
2048.4,6384.4
2054.7,6386.2
2060.1,6387.4
2065.7,6390.0
2070.2,6393.5
2072.6,6397.4
2075.7,6403.7
2078.6,6410.1
2082.4,6417.2
2087.2,6425.0
2092.3,6432.6
2098.2,6440.9
2103.8,6449.6
2109.6,6458.0
2115.4,6466.4
2122.0,6475.7
2127.7,6485.8
2135.3,6495.6
2141.3,6503.8
2146.0,6511.6
2150.9,6519.4
2156.0,6526.9
2161.3,6534.3
2166.8,6541.5
2171.6,6549.2
2175.8,6557.6
2178.2,6566.0
2179.9,6575.0
2180.9,6583.1
2183.9,6592.6
2185.6,6600.1
2187.8,6607.3
2188.8,6612.3
2185.5,6615.3
2182.3,6618.3
2178.5,6618.7
2172.9,6617.6
2166.9,6617.0
2160.1,6615.6
2151.9,6612.3
2144.0,6608.8
2136.2,6605.2
2127.4,6601.0
2118.8,6596.6
2110.9,6593.2
2103.0,6591.1
2094.1,6590.1
2085.1,6590.6
2076.9,6593.5
2068.9,6597.6
2061.3,6602.9
2054.7,6610.4
2048.7,6618.7
2043.5,6628.0
2038.4,6637.1
2032.9,6645.0
2027.6,6652.7
2022.6,6662.0
2018.4,6670.2
2014.2,6677.0
2010.4,6684.8
2005.8,6692.1
2000.7,6699.7
1996.0,6708.5
1990.1,6716.8
1984.0,6725.3
1978.6,6734.7
1974.0,6744.9
1970.7,6755.5
1968.1,6766.9
1966.3,6779.0
1964.2,6790.0
1962.6,6800.6
1960.9,6811.3
1958.8,6822.1
1955.9,6832.5
1951.7,6842.2
1947.4,6852.2
1942.2,6861.4
1936.2,6869.8
1930.3,6878.1
1924.0,6885.3
1918.2,6892.1
1911.2,6896.8
1904.9,6902.5
1897.9,6907.2
1890.5,6910.9
1883.8,6915.3
1877.3,6919.6
1870.6,6924.2
1863.3,6929.3
1856.4,6935.5
1849.8,6942.9
1843.6,6951.4
1838.1,6959.4
1833.4,6968.3
1829.3,6977.9
1825.3,6987.6
1821.1,6997.4
1816.4,7007.6
1809.6,7016.8
1803.4,7027.0
1795.9,7036.8
1788.4,7046.4
1780.2,7055.4
1772.2,7064.1
1764.6,7072.5
1757.0,7079.3
1750.0,7085.6
1744.5,7092.0
1739.7,7097.8
1734.5,7102.6
1730.5,7109.1
1725.0,7115.5
1719.8,7123.3
1714.7,7132.4
1709.2,7141.9
1702.8,7150.7
1697.2,7160.2
1691.9,7169.7
1686.4,7179.1
1680.8,7188.6
1676.8,7199.8
1672.1,7210.1
1668.1,7221.3
1664.3,7232.4
1660.2,7243.5
1655.7,7253.6
1652.5,7264.1
1649.4,7272.9
1646.4,7280.2
1643.7,7287.2
1640.6,7294.5
1637.7,7303.1
1634.5,7312.1
1630.0,7322.1
1625.9,7332.0
1621.4,7342.0
1615.8,7351.5
1610.8,7362.2
1604.3,7370.9
1599.0,7380.4
1592.3,7388.0
1586.5,7396.1
1580.9,7404.2
1575.3,7412.2
1569.0,7419.5
1562.7,7426.6
1556.4,7433.7
1549.6,7439.8
1543.5,7446.8
1536.4,7453.2
1529.3,7459.6
1523.2,7466.6
1517.1,7473.5
1512.2,7481.0
1507.6,7488.1
1503.1,7493.8
1499.6,7499.8
1495.5,7505.1
1491.9,7511.5
1487.5,7518.3
1482.8,7525.6
1476.8,7532.5
1471.2,7540.5
1466.3,7549.4
1460.8,7557.4
1456.2,7566.1
1451.8,7574.6
1447.8,7582.7
1445.1,7591.3
1442.2,7598.3
1439.1,7604.1
1436.9,7610.7
1434.6,7617.3
1431.4,7624.6
1427.8,7632.5
1424.1,7641.8
1419.8,7651.8
1414.9,7662.2
1408.9,7672.2
1401.9,7681.5
1395.6,7691.7
1389.0,7702.2
1381.4,7712.1
1374.5,7722.8
1367.2,7732.5
1360.5,7741.5
1354.8,7749.6
1349.2,7756.2
1344.5,7761.8
1341.4,7767.7
1337.8,7772.3
1336.7,7777.9
1337.1,7782.0
1340.0,7785.7
1343.7,7788.3
1347.5,7790.8
1351.1,7793.6
1354.2,7796.9
1355.3,7800.5
1354.4,7804.2
1352.2,7807.7
1349.8,7811.3
1346.5,7814.4
1343.7,7818.4
1340.1,7821.6
1337.2,7825.8
1333.8,7828.8
1331.1,7832.7
1327.9,7835.6
1325.3,7839.5
1322.9,7843.0
1322.4,7846.5
1324.1,7849.4
1325.2,7850.0
1326.3,7850.5
1326.3,7850.5
1325.7,7849.5
1325.8,7849.5
1325.9,7849.3
1326.0,7849.2
1326.1,7849.2
1326.2,7849.1
1326.2,7849.1
1326.3,7849.0
1326.4,7848.9
1326.5,7848.8
1326.5,7848.8
1326.6,7848.7
1326.7,7848.6
1326.7,7848.6
1326.7,7848.6
1326.7,7848.6
1326.8,7848.6
1326.9,7848.5
1326.9,7848.5
1326.9,7848.4
1326.9,7848.4
1327.0,7848.3
1326.9,7848.5
1326.8,7848.6
1326.8,7848.6
1326.8,7848.6
1326.7,7848.6
1326.7,7848.6
1326.7,7848.6
1326.7,7848.6
1326.7,7848.6
1326.6,7848.7
1326.6,7848.7
1326.6,7848.7
1326.6,7848.7
1326.6,7848.7
1326.6,7848.7
1326.6,7848.7
1326.6,7848.7
1326.6,7848.7
1326.6,7848.7
1326.6,7848.7
1326.6,7848.7
1326.5,7848.8
1326.5,7848.8
1326.5,7848.8
1326.4,7848.9
1326.4,7848.9
1326.4,7848.9
1326.4,7848.9
1326.4,7848.9
1326.4,7848.9
1326.4,7848.9
1326.3,7849.0
1326.3,7849.0
1326.3,7849.0
1326.2,7849.1
1326.2,7849.1
1326.2,7849.1
1326.3,7849.0
1326.3,7849.0
1326.3,7849.0
1326.4,7848.9
1326.4,7848.9
1326.4,7848.9
1326.4,7848.9
1326.4,7848.9
1326.4,7848.9
1326.4,7848.9
1326.5,7848.8
1326.5,7848.8
1326.5,7848.8
1326.5,7848.8
1326.6,7848.7
1326.6,7848.7
1326.6,7848.7
1326.6,7848.7
1326.7,7848.6
1326.7,7848.6
1326.7,7848.6
1326.7,7848.6
1326.7,7848.6
1326.6,7848.7
1326.6,7848.7
1326.6,7848.7
1326.6,7848.7
1326.6,7848.7
1326.6,7848.7
1326.6,7848.7
1326.5,7848.8
1326.5,7848.8
1326.5,7848.8
1326.4,7848.9
1326.4,7848.9
1326.4,7848.9
1326.4,7848.9
1326.4,7848.9
1326.4,7848.9
1326.4,7848.9
1326.4,7848.9
1326.4,7848.9
1326.4,7848.9
1326.4,7848.9
1326.3,7849.0
1326.3,7849.0
1326.3,7849.0
1326.3,7849.0
1326.3,7849.0
1326.3,7849.0
1326.3,7849.0
1326.3,7849.0
1326.3,7849.0
1326.3,7849.0
1326.3,7849.0
1326.3,7849.0
1326.3,7849.0
1326.3,7849.0
1326.3,7849.0
1326.3,7849.0
1326.3,7849.0
1326.3,7849.0
1326.2,7849.1
1326.2,7849.1
1326.2,7849.1
1326.2,7849.1
1326.2,7849.1
1326.2,7849.1
1326.2,7849.1
1326.2,7849.1
1326.1,7849.2
1326.1,7849.2
1326.1,7849.2
1326.1,7849.2
1326.1,7849.2
1326.0,7849.2
1326.0,7849.2
1326.0,7849.2
1326.0,7849.2
1326.0,7849.2
1325.9,7849.3
1325.9,7849.3
1325.9,7849.3
1325.9,7849.3
1325.9,7849.3
1325.9,7849.3
1325.9,7849.3
1325.9,7849.3
1325.9,7849.3
1325.9,7849.3
1325.9,7849.3
1326.0,7849.2
1326.0,7849.2
1326.0,7849.2
1326.0,7849.2
1326.0,7849.2
1326.0,7849.2
1326.0,7849.2
1326.0,7849.2
1326.0,7849.2
1326.0,7849.2
1325.3,7848.4
1325.3,7848.4
1325.3,7848.4
1325.3,7848.4
1325.3,7848.4
1325.3,7848.4
1325.3,7848.4
1325.3,7848.4
1325.3,7848.4
1325.3,7848.4
1325.3,7848.4
1325.3,7848.4
1325.3,7848.4
1325.3,7848.4
1325.3,7848.4
1325.3,7848.4
1325.3,7848.4
1325.3,7848.4
1325.3,7848.4
1325.3,7848.4
1325.3,7848.4
1325.3,7848.4
1325.3,7848.4
1325.3,7848.4
1324.6,7847.5
1324.6,7847.5
1324.6,7847.5
1324.7,7847.4
1324.7,7847.4
1324.7,7847.4
1324.7,7847.4
1324.7,7847.4
1324.7,7847.4
1324.7,7847.4
1324.8,7847.4
1324.8,7847.4
1324.8,7847.4
1324.8,7847.4
1324.9,7847.3
1324.9,7847.3
1324.9,7847.3
1324.9,7847.3
1324.9,7847.3
1324.9,7847.3
1324.9,7847.3
1324.9,7847.3
1324.9,7847.2
1324.9,7847.2
1324.9,7847.2
1325.0,7847.1
1325.0,7847.1
1325.1,7847.1
1324.9,7847.2
1324.8,7847.4
1324.8,7847.4
1324.9,7847.3
1324.9,7847.3
1324.9,7847.3
1324.9,7847.3
1324.9,7847.3
1324.9,7847.3
1324.9,7847.3
1324.9,7847.3
1324.9,7847.3
1324.9,7847.3
1324.9,7847.3
1324.9,7847.3
1324.8,7847.4
1324.8,7847.4
1324.8,7847.4
1324.8,7847.4
1324.8,7847.4
1324.7,7847.4
1324.7,7847.4
1324.7,7847.4
1324.7,7847.4
1324.8,7847.4
1324.8,7847.4
1324.6,7847.5
1323.6,7846.9
1322.6,7846.3
1321.3,7844.5
1321.0,7843.3
1321.4,7843.0
1321.6,7842.8
1321.5,7842.9
1321.4,7843.0
1321.2,7843.1
1320.4,7843.8
1319.6,7846.1
1317.1,7848.3
1314.9,7851.8
1311.8,7854.6
1309.7,7858.0
1306.8,7860.5
1305.1,7863.5
1302.9,7865.7
1301.4,7868.5
1301.0,7871.9
1301.8,7875.6
1303.8,7879.9
1306.8,7884.7
1309.8,7889.4
1314.4,7895.9
1319.0,7902.5
1322.5,7908.4
1326.7,7915.1
1330.6,7922.2
1333.6,7928.6
1337.4,7935.9
1341.2,7942.9
1344.3,7949.2
1347.6,7955.4
1350.9,7961.4
1353.5,7966.6
1357.1,7972.4
1361.5,7979.1
1365.3,7984.7
1369.3,7990.2
1373.1,7995.8
1376.1,8000.6
1379.6,8006.6
1383.2,8012.4
1386.6,8018.4
1390.7,8025.4
1394.5,8032.5
1398.2,8039.7
1401.8,8047.0
1405.4,8054.5
1408.9,8061.9
1412.5,8069.2
1415.9,8076.8
1419.3,8084.2
1422.1,8090.9
1425.8,8098.1
1429.1,8104.2
1432.8,8110.0
1437.4,8116.4
1441.3,8121.9
1445.9,8128.3
1450.8,8134.6
1456.6,8141.5
1461.7,8147.4
1466.0,8152.7
1469.6,8156.9
1473.4,8161.2
1476.0,8163.3
1479.7,8167.4
1482.5,8169.5
1486.8,8171.6
1491.3,8172.0
1495.7,8169.7
1500.5,8166.8
1505.2,8162.7
1510.3,8158.0
1515.1,8152.3
1520.0,8146.4
1524.0,8139.7
1527.0,8132.5
1530.4,8126.4
1533.4,8120.7
1535.5,8115.8
1536.6,8110.3
1538.4,8105.7
1539.7,8099.9
1540.0,8093.6
1540.9,8089.8
1541.3,8087.9
1541.4,8087.8
1541.4,8087.8
1541.4,8087.8
1541.4,8087.8
1541.4,8087.8
1541.3,8087.9
1541.3,8087.9
1541.3,8087.9
1541.2,8088.0
1541.2,8088.0
1541.2,8088.0
1541.2,8088.0
1541.5,8087.7
1541.9,8085.9
1543.1,8083.3
1544.5,8079.0
1546.3,8074.4
1547.7,8070.2
1549.7,8066.9
1550.9,8062.8
1550.4,8058.7
1547.4,8056.9
1545.1,8057.5
1543.3,8057.5
1543.7,8058.6
1543.5,8058.8
1543.4,8058.9
1543.3,8059.0
1543.5,8058.8
1543.8,8058.6
1544.2,8058.2
1545.1,8057.5
1546.4,8057.8
1546.8,8057.4
1546.8,8057.4
1547.3,8058.5
1546.4,8059.3
1545.8,8061.3
1544.9,8063.5
1544.9,8066.6
1545.1,8069.5
1544.3,8071.7
1544.1,8074.8
1543.4,8076.9
1542.8,8079.0
1542.2,8081.1
1541.0,8082.2
1539.7,8083.3
1539.4,8085.1
1538.6,8085.8
1538.3,8086.1
1538.3,8086.1
1538.3,8086.1
1538.3,8086.1
1538.3,8086.1
1538.5,8085.9
1538.5,8085.9
1538.4,8086.0
1538.1,8086.3
1538.0,8086.4
1538.0,8086.4
1538.0,8086.4
1537.9,8086.5
1537.8,8086.5
1537.8,8086.5
1537.8,8086.5
1537.8,8086.5
1538.6,8087.4
1538.6,8087.4
1538.6,8087.4
1538.6,8087.4
1538.6,8087.3
1538.8,8087.2
1539.0,8086.9
1539.1,8086.8
1539.3,8086.7
1539.4,8086.6
1539.6,8086.4
1539.8,8086.3
1540.0,8086.0
1539.4,8085.1
1539.5,8085.0
1539.5,8085.0
1539.5,8085.0
1539.5,8085.0
1539.5,8085.0
1539.2,8085.3
1538.9,8085.6
1539.4,8086.6
1539.3,8086.7
1539.3,8086.8
1539.0,8086.9
1539.7,8087.9
1539.7,8087.9
1539.8,8087.8
1540.0,8087.6
1540.0,8087.5
1540.2,8087.4
1540.4,8087.2
1540.5,8087.1
1540.5,8087.1
1540.7,8087.0
1540.8,8086.9
1541.0,8086.7
1541.1,8086.6
1541.4,8086.3
1541.5,8086.2
1541.8,8086.0
1542.0,8085.8
1541.4,8084.9
1541.5,8084.8
1541.5,8084.8
1541.4,8084.9
1541.3,8084.9
1541.3,8084.9
1541.2,8085.0
1541.0,8085.2
1540.7,8085.4
1540.4,8085.7
1540.9,8086.8
1540.7,8087.0
1540.6,8087.0
1540.5,8087.1
1540.5,8087.1
1540.5,8087.1
1540.5,8087.1
1540.5,8087.1
1540.4,8087.2
1540.3,8087.3
1540.3,8087.3
1540.2,8087.4
1540.2,8087.4
1539.4,8086.6
1539.4,8086.6
1539.3,8086.7
1539.3,8086.7
1539.3,8086.8
1539.3,8086.8
1539.3,8086.8
1539.3,8086.8
1539.3,8086.8
1539.1,8086.8
1539.1,8086.8
1539.1,8086.8
1539.3,8086.8
1539.3,8086.8
1538.5,8085.9
1538.6,8085.8
1538.6,8085.8
1538.7,8085.8
1538.7,8085.8
1538.8,8085.7
1538.8,8085.7
1538.9,8085.6
1539.0,8085.5
1539.0,8085.5
1539.0,8085.5
1539.0,8085.4
1539.1,8085.4
1539.1,8085.4
1539.2,8085.3
1539.3,8085.2
1539.4,8085.1
1539.5,8085.0
1539.4,8085.1
1539.4,8085.1
1539.4,8085.1
1539.4,8085.1
1539.4,8085.1
1539.4,8085.1
1539.4,8085.1
1539.4,8085.1
1539.4,8085.1
1539.3,8085.2
1539.3,8085.2
1539.2,8085.3
1538.5,8084.5
1538.4,8084.5
1538.4,8084.5
1538.4,8084.5
1538.5,8084.5
1538.5,8084.5
1538.5,8084.5
1538.5,8084.5
1538.5,8084.5
1538.5,8084.5
1538.5,8084.4
1538.5,8084.4
1538.5,8084.4
1538.5,8084.4
1538.5,8084.4
