x,y
0.0,0.0
-20.3,-5.6
-39.2,-11.3
-58.0,-16.4
-74.3,-21.7
-90.4,-25.9
-105.9,-29.0
-121.0,-30.7
-136.7,-30.6
-153.0,-29.0
-169.2,-27.5
-186.7,-25.7
-204.1,-23.8
-220.5,-22.5
-238.1,-21.0
-255.0,-21.0
-273.4,-21.8
-292.3,-23.7
-311.4,-26.5
-330.6,-29.5
-349.9,-32.9
-369.3,-36.4
-388.6,-39.7
-406.8,-43.1
-423.5,-46.1
-440.2,-48.5
-452.0,-51.7
-460.5,-55.1
-465.8,-59.9
-470.2,-65.5
-477.0,-71.0
-486.0,-76.1
-497.3,-80.8
-509.0,-86.4
-521.9,-92.2
-536.0,-97.8
-551.3,-103.3
-566.7,-109.1
-582.0,-115.0
-598.7,-121.0
-615.2,-126.8
-631.8,-132.6
-649.6,-138.3
-665.2,-144.8
-681.8,-150.7
-697.2,-156.5
-711.3,-162.2
-725.3,-167.8
-738.6,-174.4
-751.2,-182.6
-764.3,-192.3
-778.0,-203.4
-791.1,-216.0
-806.4,-228.6
-823.2,-241.3
-839.0,-254.8
-856.0,-268.1
-873.9,-280.9
-890.7,-293.8
-907.2,-306.4
-924.1,-319.2
-940.9,-332.5
-956.8,-345.9
-973.4,-358.4
-988.6,-370.3
-1003.4,-381.2
-1016.5,-390.9
-1030.1,-398.3
-1042.9,-403.9
-1053.0,-408.7
-1059.1,-412.3
-1060.8,-417.0
-1062.5,-421.9
-1059.4,-426.3
-1054.3,-428.7
-1046.7,-430.7
-1037.9,-432.9
-1028.2,-436.0
-1018.6,-439.2
-1009.1,-442.9
-997.6,-447.6
-985.1,-452.9
-969.3,-459.2
-954.6,-465.3
-937.9,-472.3
-921.1,-479.4
-903.4,-487.2
-884.5,-495.2
-865.6,-503.1
-846.7,-510.9
-827.8,-518.7
-807.7,-527.0
-788.9,-535.1
-771.1,-542.9
-753.4,-550.6
-735.7,-558.5
-718.2,-566.7
-699.3,-574.7
-679.3,-583.0
-659.3,-591.4
-639.2,-599.7
-619.4,-608.2
-598.4,-617.1
-580.7,-625.2
-563.3,-633.9
-547.8,-644.4
-533.1,-657.1
-518.8,-671.3
-505.0,-686.7
-491.4,-702.3
-476.7,-718.7
-461.1,-735.8
-444.5,-753.7
-429.1,-771.4
-412.9,-790.4
-395.9,-810.6
-380.3,-831.4
-365.1,-852.9
-349.0,-876.0
-335.5,-898.9
-321.1,-922.8
-308.7,-945.9
-294.1,-969.5
-280.4,-991.9
-265.3,-1013.9
-249.9,-1035.0
-233.0,-1055.6
-216.0,-1075.8
-199.1,-1096.1
-180.9,-1116.6
-163.8,-1136.5
-145.6,-1156.8
-126.4,-1177.5
-109.2,-1197.4
-91.0,-1217.5
-73.9,-1237.2
-56.6,-1256.8
-40.3,-1275.4
-22.9,-1294.4
-6.8,-1313.5
7.8,-1333.6
23.2,-1354.9
36.2,-1375.9
50.6,-1396.6
64.0,-1416.3
75.8,-1434.2
87.4,-1452.2
96.6,-1470.2
104.4,-1488.5
111.3,-1506.5
118.0,-1524.4
124.8,-1542.6
131.2,-1561.6
139.6,-1581.8
146.2,-1600.6
153.1,-1617.9
159.6,-1633.3
167.7,-1647.6
177.3,-1661.3
187.2,-1673.6
199.6,-1686.2
211.8,-1699.0
224.9,-1712.8
238.0,-1726.8
252.1,-1741.2
267.5,-1755.8
282.9,-1770.0
300.4,-1785.1
316.9,-1799.9
334.4,-1815.2
351.9,-1830.6
368.4,-1845.2
385.0,-1859.4
399.6,-1872.6
414.1,-1885.8
428.6,-1899.1
442.0,-1912.2
455.4,-1925.3
469.7,-1939.3
483.1,-1952.4
496.8,-1964.8
510.5,-1976.5
522.6,-1986.5
534.9,-1995.8
546.6,-2003.5
554.2,-2005.6
559.7,-2006.8
565.8,-2006.5
570.5,-2003.4
573.7,-1997.6
575.6,-1989.4
577.5,-1980.5
579.7,-1971.3
583.3,-1961.4
587.0,-1951.0
591.0,-1940.2
593.8,-1929.0
597.7,-1918.3
602.4,-1908.4
607.7,-1900.3
612.6,-1893.7
617.1,-1887.9
620.1,-1882.7
620.6,-1878.0
620.6,-1874.6
619.4,-1871.6
617.8,-1869.3
615.1,-1867.0
614.2,-1866.1
612.2,-1865.2
611.1,-1864.9
608.9,-1864.4
606.7,-1864.1
606.6,-1864.4
605.4,-1864.2
606.4,-1864.8
606.4,-1864.9
607.4,-1865.4
608.5,-1865.5
609.6,-1865.7
609.6,-1865.7
609.5,-1866.0
609.2,-1866.8
608.9,-1867.6
608.9,-1867.8
608.9,-1867.7
609.0,-1867.4
610.1,-1867.6
610.2,-1867.3
610.3,-1867.0
610.5,-1866.6
610.7,-1866.1
610.8,-1865.8
610.9,-1865.5
611.0,-1865.3
611.0,-1865.2
611.0,-1865.2
611.0,-1865.2
611.0,-1865.2
611.0,-1865.2
611.0,-1865.1
611.0,-1865.1
610.0,-1864.6
610.1,-1864.5
610.1,-1864.5
610.1,-1864.5
610.0,-1864.6
610.0,-1864.6
610.0,-1864.6
610.0,-1864.6
610.0,-1864.6
610.0,-1864.7
610.0,-1864.7
610.0,-1864.7
610.0,-1864.7
610.0,-1864.6
610.0,-1864.6
610.0,-1864.6
610.0,-1864.6
610.0,-1864.7
610.0,-1864.7
610.0,-1864.7
610.0,-1864.6
610.0,-1864.6
610.0,-1864.6
610.0,-1864.6
610.0,-1864.6
610.0,-1864.7
610.0,-1864.7
610.0,-1864.7
610.0,-1864.7
610.0,-1864.7
610.0,-1864.7
610.0,-1864.7
608.9,-1864.4
609.0,-1864.2
609.0,-1864.1
609.1,-1863.9
609.1,-1863.8
609.1,-1863.8
609.2,-1863.7
608.2,-1863.2
608.2,-1863.2
608.2,-1863.2
608.2,-1863.2
608.2,-1863.2
608.2,-1863.2
608.2,-1863.2
608.1,-1863.4
608.0,-1863.6
608.8,-1864.7
609.4,-1866.4
610.8,-1869.0
612.4,-1871.3
614.8,-1874.4
616.1,-1877.3
616.4,-1879.7
615.9,-1881.2
615.6,-1882.0
615.6,-1882.1
615.6,-1882.0
615.6,-1882.1
616.3,-1883.2
615.7,-1885.1
613.3,-1888.3
610.7,-1892.2
606.6,-1896.8
602.1,-1902.9
597.0,-1910.4
592.7,-1918.8
589.3,-1928.1
585.7,-1938.4
581.6,-1949.4
578.5,-1961.6
574.2,-1973.3
570.2,-1984.4
566.6,-1994.2
565.0,-2002.1
563.3,-2006.9
562.7,-2008.3
562.8,-2008.1
563.0,-2007.5
563.2,-2007.1
563.2,-2007.0
563.1,-2007.4
562.6,-2008.8
559.6,-2010.3
555.0,-2009.7
548.9,-2007.0
542.1,-2002.7
533.4,-1996.7
522.9,-1989.3
511.7,-1980.6
499.6,-1970.5
487.8,-1959.9
475.1,-1948.3
462.6,-1936.4
449.1,-1923.5
435.7,-1910.5
421.4,-1896.6
406.0,-1882.2
390.8,-1867.6
375.4,-1853.1
358.9,-1838.4
342.4,-1823.5
324.0,-1807.6
306.5,-1792.1
289.2,-1776.4
271.8,-1761.0
255.5,-1745.6
239.3,-1729.9
224.4,-1714.6
210.4,-1699.7
195.4,-1684.2
182.3,-1670.4
170.2,-1657.0
159.4,-1643.6
151.2,-1629.5
144.5,-1614.9
139.5,-1601.9
133.9,-1590.9
129.3,-1587.3
122.7,-1585.5
113.3,-1585.3
103.2,-1586.7
93.0,-1588.3
81.7,-1589.7
69.2,-1591.2
56.4,-1593.1
40.3,-1594.5
25.0,-1596.8
8.6,-1598.8
-7.8,-1600.9
-25.5,-1602.9
-43.2,-1605.1
-60.8,-1607.1
-76.0,-1609.2
-91.1,-1610.9
-103.9,-1612.9
-118.6,-1614.0
-132.3,-1615.3
-148.1,-1615.6
-163.8,-1615.6
-181.7,-1614.9
-199.5,-1614.5
-218.6,-1613.8
-236.7,-1613.6
-255.8,-1613.1
-275.0,-1612.7
-294.2,-1612.4
-314.7,-1612.1
-334.2,-1612.5
-353.6,-1612.9
-372.2,-1613.9
-392.0,-1615.0
-410.8,-1616.9
-430.7,-1618.7
-449.6,-1620.7
-469.4,-1622.1
-488.0,-1623.5
-507.7,-1624.6
-526.4,-1626.2
-546.2,-1627.3
-563.6,-1628.6
-579.7,-1629.8
-594.4,-1630.6
-609.0,-1631.2
-622.7,-1632.2
-637.3,-1632.9
-651.0,-1634.1
-665.8,-1634.9
-680.5,-1635.7
-696.2,-1636.0
-711.1,-1637.0
-727.1,-1638.0
-744.2,-1638.8
-760.4,-1640.2
-777.9,-1641.6
-795.3,-1643.3
-812.9,-1645.2
-831.7,-1646.9
-850.6,-1649.1
-869.5,-1651.4
-888.6,-1653.9
-908.5,-1655.7
-927.4,-1657.9
-946.3,-1659.9
-964.0,-1662.1
-979.3,-1664.2
-993.0,-1665.7
-1005.4,-1666.7
-1014.3,-1668.3
-1021.3,-1671.1
-1023.6,-1677.5
-1024.3,-1686.0
-1024.4,-1696.3
-1025.9,-1706.9
-1027.5,-1718.1
-1028.4,-1730.5
-1030.7,-1743.4
-1032.2,-1757.6
-1035.1,-1772.2
-1038.2,-1787.6
-1040.4,-1803.4
-1043.4,-1818.4
-1046.5,-1833.6
-1052.0,-1848.7
-1057.8,-1864.8
-1063.9,-1881.8
-1071.2,-1898.5
-1077.3,-1915.4
-1083.4,-1932.3
-1089.4,-1949.1
-1095.6,-1965.9
-1101.6,-1982.6
-1106.4,-1999.2
-1111.2,-2015.8
-1114.7,-2032.4
-1116.2,-2049.5
-1118.6,-2066.3
-1119.0,-2084.1
-1119.3,-2101.8
-1119.6,-2119.1
-1118.5,-2136.1
-1117.3,-2152.8
-1113.9,-2169.9
-1111.5,-2186.6
-1108.2,-2204.2
-1104.9,-2221.6
-1101.5,-2239.0
-1098.1,-2256.3
-1097.0,-2273.4
-1096.2,-2291.0
-1098.8,-2308.4
-1101.8,-2326.5
-1105.0,-2345.5
-1109.4,-2364.3
-1112.6,-2383.3
-1116.8,-2401.6
-1119.9,-2419.9
-1124.9,-2437.4
-1128.7,-2454.3
-1132.1,-2470.6
-1135.5,-2486.4
-1138.7,-2502.2
-1142.1,-2518.2
-1145.4,-2533.9
-1147.6,-2550.0
-1149.7,-2565.8
-1149.6,-2582.4
-1150.7,-2598.5
-1150.7,-2615.2
-1151.8,-2631.4
-1152.6,-2647.1
-1153.1,-2661.9
-1153.2,-2675.3
-1153.4,-2686.2
-1152.8,-2694.3
-1152.5,-2700.1
-1153.1,-2704.9
-1156.1,-2710.0
-1160.7,-2716.1
-1167.9,-2722.7
-1176.4,-2729.5
-1186.0,-2736.4
-1194.9,-2744.2
-1203.6,-2751.7
-1209.9,-2759.3
-1213.9,-2767.1
-1216.3,-2776.9
-1214.9,-2789.7
-1210.7,-2804.6
-1207.7,-2819.6
-1203.6,-2835.0
-1201.0,-2851.0
-1197.4,-2867.8
-1195.1,-2884.8
-1192.6,-2901.3
-1189.1,-2918.1
-1185.2,-2934.2
-1179.0,-2950.1
-1172.4,-2965.4
-1164.8,-2980.9
-1157.0,-2996.3
-1150.4,-3011.2
-1144.7,-3025.5
-1140.1,-3039.3
-1136.7,-3053.2
-1135.6,-3067.0
-1134.7,-3081.2
-1137.1,-3094.2
-1139.2,-3106.8
-1142.0,-3118.0
-1145.5,-3127.4
-1148.2,-3135.1
-1150.3,-3141.0
-1148.7,-3146.2
-1144.1,-3150.1
-1137.7,-3152.3
-1130.0,-3154.2
-1122.5,-3156.7
-1117.0,-3161.0
-1114.3,-3166.7
-1110.9,-3173.9
-1106.6,-3181.8
-1101.1,-3189.9
-1094.4,-3198.0
-1087.9,-3206.5
-1081.6,-3215.7
-1075.5,-3225.3
-1067.4,-3236.3
-1059.6,-3247.7
-1050.6,-3259.7
-1041.9,-3271.9
-1033.0,-3284.0
-1024.3,-3296.4
-1015.6,-3309.3
-1006.0,-3322.7
-996.5,-3336.5
-986.0,-3350.9
-976.7,-3365.1
-965.5,-3380.9
-954.1,-3395.8
-944.4,-3409.1
-935.3,-3420.8
-927.4,-3432.2
-921.0,-3444.4
-915.4,-3458.8
-911.3,-3474.2
-905.6,-3491.9
-901.2,-3509.7
-895.0,-3529.4
-889.7,-3548.3
-884.5,-3567.3
-878.3,-3586.7
-872.0,-3606.3
-865.8,-3626.0
-859.8,-3646.0
-853.6,-3665.7
-847.4,-3685.4
-841.1,-3704.8
-833.8,-3724.7
-826.3,-3744.3
-818.9,-3764.1
-811.7,-3784.0
-804.5,-3804.3
-797.3,-3824.9
-792.3,-3844.5
-786.3,-3864.6
-781.4,-3884.4
-775.6,-3905.3
-769.8,-3926.2
-765.2,-3946.9
-760.6,-3967.4
-754.8,-3988.3
-748.7,-4008.5
-742.7,-4028.4
-736.5,-4048.2
-730.2,-4067.5
-724.5,-4085.3
-717.3,-4102.2
-709.8,-4117.8
-699.6,-4133.1
-689.2,-4147.6
-678.8,-4162.2
-668.4,-4177.2
-657.2,-4193.0
-645.1,-4209.8
-633.2,-4226.8
-621.3,-4244.2
-609.4,-4261.6
-597.5,-4279.0
-585.7,-4296.4
-573.8,-4313.7
-563.1,-4330.8
-551.1,-4347.9
-539.2,-4365.2
-527.3,-4382.5
-515.5,-4400.0
-502.7,-4418.2
-489.9,-4436.6
-478.2,-4454.5
-466.5,-4472.2
-454.7,-4489.8
-442.8,-4507.2
-429.9,-4524.9
-419.1,-4542.1
-406.3,-4560.4
-394.8,-4578.5
-382.2,-4597.3
-369.6,-4616.0
-357.1,-4635.1
-343.5,-4654.7
-331.1,-4674.1
-318.7,-4693.3
-306.3,-4712.7
-293.8,-4731.9
-282.4,-4750.2
-270.6,-4768.0
-261.1,-4785.0
-251.7,-4802.6
-243.6,-4820.3
-236.8,-4838.4
-230.2,-4856.8
-222.5,-4875.8
-215.9,-4894.3
-209.2,-4912.7
-202.4,-4930.5
-196.7,-4948.0
-189.9,-4966.2
-184.4,-4984.5
-178.1,-5003.8
-170.8,-5023.9
-164.6,-5043.4
-159.3,-5062.1
-153.5,-5079.8
-148.5,-5096.0
-143.3,-5111.5
-137.9,-5126.4
-133.6,-5140.9
-129.3,-5156.0
-124.2,-5171.8
-119.3,-5188.2
-115.5,-5204.5
-109.7,-5222.0
-105.1,-5239.1
-99.4,-5256.9
-94.9,-5274.5
-89.5,-5292.9
-84.2,-5311.8
-79.0,-5330.6
-74.9,-5349.4
-70.6,-5367.9
-65.9,-5384.8
-61.9,-5400.5
-57.8,-5416.0
-52.7,-5431.9
-47.6,-5447.8
-41.5,-5464.1
-36.2,-5479.5
-31.5,-5493.3
-27.4,-5504.9
-23.4,-5514.1
-20.2,-5521.5
-17.9,-5528.4
-14.7,-5536.2
-11.9,-5545.0
-8.3,-5555.0
-3.2,-5567.1
1.7,-5580.5
8.4,-5595.5
15.0,-5610.3
21.5,-5625.8
27.8,-5641.6
35.0,-5658.6
41.9,-5676.1
48.8,-5694.0
56.6,-5712.4
63.5,-5730.1
71.5,-5748.2
78.3,-5766.1
85.0,-5784.5
91.2,-5804.0
98.5,-5824.2
106.8,-5844.8
115.4,-5864.7
124.0,-5884.2
133.8,-5904.1
142.6,-5923.3
152.5,-5942.9
161.3,-5961.8
170.4,-5980.3
179.4,-5998.8
188.5,-6017.1
197.7,-6035.2
206.0,-6052.5
213.5,-6068.6
221.2,-6083.6
229.5,-6097.6
239.3,-6110.6
251.5,-6123.6
264.8,-6136.8
278.0,-6150.5
292.2,-6164.8
307.3,-6179.7
322.4,-6195.0
337.4,-6210.4
353.6,-6226.1
367.7,-6240.5
383.1,-6254.8
396.7,-6267.4
409.6,-6278.3
421.7,-6288.1
431.3,-6298.3
440.1,-6310.5
448.5,-6324.1
456.7,-6338.1
463.8,-6351.6
470.3,-6363.7
475.9,-6374.8
480.3,-6385.7
484.8,-6396.3
490.7,-6406.9
495.4,-6417.3
500.9,-6428.7
505.0,-6440.4
511.2,-6453.0
516.2,-6465.9
523.2,-6479.9
528.9,-6494.0
535.7,-6508.9
542.4,-6523.6
550.2,-6538.7
557.0,-6553.3
565.0,-6567.8
569.9,-6580.7
573.8,-6593.4
574.2,-6605.7
573.2,-6618.3
569.8,-6631.0
565.3,-6643.4
560.7,-6656.3
555.8,-6669.8
550.7,-6684.1
545.2,-6699.2
538.3,-6715.0
532.3,-6731.6
527.3,-6748.6
522.7,-6764.8
519.4,-6780.8
519.5,-6797.2
521.8,-6814.1
525.3,-6831.1
529.9,-6848.6
535.6,-6866.4
542.0,-6885.2
547.3,-6903.9
552.6,-6922.9
559.0,-6942.0
564.4,-6960.6
569.9,-6978.7
574.7,-6995.5
579.9,-7011.0
585.5,-7025.7
591.4,-7039.1
601.0,-7052.7
612.3,-7064.8
624.1,-7075.6
636.2,-7085.6
649.5,-7095.4
661.9,-7104.5
674.4,-7113.3
684.8,-7120.7
694.5,-7127.4
701.0,-7132.7
704.4,-7136.2
705.1,-7137.7
705.6,-7139.4
705.7,-7142.6
702.3,-7145.5
698.5,-7149.2
693.2,-7154.0
687.2,-7160.7
680.8,-7168.4
674.3,-7176.4
669.7,-7186.2
665.6,-7197.2
661.1,-7209.5
657.4,-7223.4
655.5,-7238.5
654.7,-7254.1
654.9,-7270.3
657.3,-7287.3
660.6,-7304.7
665.0,-7322.6
669.2,-7341.2
674.2,-7360.8
677.9,-7380.5
681.7,-7400.4
685.3,-7420.6
687.2,-7442.0
688.3,-7462.6
688.3,-7482.8
685.9,-7502.7
682.4,-7522.4
677.6,-7542.5
672.4,-7563.6
665.8,-7585.0
657.8,-7607.2
650.7,-7630.5
642.2,-7653.8
633.7,-7677.4
625.4,-7700.7
618.2,-7723.8
610.2,-7746.1
603.6,-7767.9
596.2,-7788.2
591.6,-7807.9
586.2,-7826.3
584.3,-7844.6
583.0,-7861.6
585.5,-7878.2
588.4,-7893.4
594.1,-7907.7
602.6,-7921.0
618.4,-7930.5
634.9,-7938.4
654.3,-7945.0
674.0,-7950.7
693.7,-7956.5
713.0,-7963.3
731.7,-7971.7
747.5,-7981.3
762.6,-7993.4
776.8,-8007.6
789.1,-8023.5
802.0,-8041.4
813.6,-8059.8
823.6,-8079.3
833.9,-8100.8
841.7,-8122.9
850.2,-8146.4
857.5,-8169.8
866.0,-8193.3
874.8,-8216.3
883.8,-8238.5
893.1,-8259.7
904.0,-8279.8
916.6,-8298.5
929.7,-8316.0
943.0,-8332.8
956.2,-8349.9
968.1,-8367.1
979.7,-8385.3
990.2,-8403.2
999.6,-8420.6
1006.8,-8437.5
1011.7,-8453.9
1015.3,-8470.7
1016.2,-8488.3
1016.7,-8507.1
1016.7,-8527.0
1017.4,-8548.6
1017.0,-8569.9
1017.5,-8592.0
1017.9,-8614.7
1019.1,-8638.3
1020.2,-8662.0
1023.5,-8686.5
1025.7,-8710.7
1028.1,-8734.2
1030.6,-8757.6
1032.0,-8780.5
1034.5,-8804.0
1035.9,-8826.9
1036.4,-8849.0
1037.0,-8870.8
1038.8,-8892.8
1041.5,-8915.3
1043.3,-8937.3
1046.1,-8959.8
1048.0,-8981.5
1050.0,-9002.8
1053.3,-9023.9
1055.6,-9044.3
1058.0,-9064.3
1060.7,-9083.8
1063.4,-9103.2
1067.3,-9122.4
1071.5,-9140.9
1076.8,-9159.6
1082.3,-9178.0
1087.9,-9196.3
1094.4,-9214.9
1100.0,-9232.8
1105.5,-9250.8
1111.3,-9268.6
1115.9,-9285.6
1120.8,-9302.0
1126.0,-9317.7
1130.6,-9332.0
1133.1,-9345.2
1133.1,-9358.3
1130.5,-9372.2
1124.2,-9386.4
1116.7,-9400.6
1105.9,-9413.9
1092.8,-9426.8
1078.8,-9438.8
1065.1,-9450.0
1050.8,-9459.4
1035.8,-9467.5
1019.7,-9475.4
1001.6,-9482.2
983.4,-9489.0
964.5,-9494.7
943.2,-9499.8
924.1,-9506.2
904.9,-9512.5
884.5,-9518.6
864.0,-9525.2
842.4,-9531.2
821.9,-9537.7
799.3,-9543.5
777.6,-9549.9
754.8,-9556.1
733.0,-9562.8
710.1,-9569.1
687.2,-9575.4
665.6,-9581.7
645.1,-9587.9
624.9,-9594.1
604.6,-9599.9
584.2,-9606.1
564.7,-9613.4
546.7,-9622.8
530.3,-9635.0
513.4,-9648.2
497.5,-9662.3
481.3,-9677.0
465.0,-9691.7
449.0,-9705.9
434.4,-9719.8
422.1,-9734.0
410.5,-9749.3
403.2,-9766.1
399.1,-9784.4
397.1,-9803.2
399.6,-9823.1
407.0,-9843.1
418.2,-9862.2
432.2,-9880.7
446.3,-9898.6
461.5,-9917.1
474.6,-9934.4
488.9,-9951.7
503.6,-9968.2
517.4,-9983.3
532.7,-9998.0
546.0,-10011.4
559.2,-10025.0
569.9,-10038.8
579.0,-10053.7
585.6,-10069.0
589.6,-10084.5
589.9,-10100.5
588.6,-10117.6
585.6,-10135.8
581.1,-10155.1
576.2,-10175.3
570.2,-10195.6
564.1,-10215.6
556.2,-10234.5
548.3,-10253.0
539.7,-10270.1
530.4,-10286.0
519.2,-10300.3
507.9,-10314.6
495.1,-10327.0
480.6,-10336.9
465.9,-10344.5
451.4,-10351.2
435.7,-10357.8
421.0,-10365.5
405.5,-10374.8
394.5,-10388.8
385.1,-10404.7
380.0,-10422.3
373.6,-10440.3
368.2,-10458.6
360.8,-10475.6
352.8,-10491.4
342.8,-10505.8
331.4,-10520.4
319.9,-10535.8
306.8,-10551.8
293.5,-10568.8
279.8,-10586.5
266.2,-10604.2
252.5,-10621.9
240.1,-10639.8
227.7,-10657.3
217.8,-10674.8
210.4,-10691.8
205.6,-10708.5
203.4,-10724.8
202.5,-10740.9
197.4,-10754.8
190.1,-10768.6
181.4,-10782.5
170.3,-10796.7
156.9,-10810.4
143.8,-10823.4
130.1,-10834.4
114.9,-10843.2
97.9,-10850.3
80.8,-10857.5
62.4,-10865.1
45.8,-10874.3
29.4,-10886.3
14.7,-10900.2
-1.3,-10914.5
-16.3,-10929.4
-30.2,-10944.4
-43.8,-10958.6
-57.9,-10971.0
-71.5,-10982.0
-85.8,-10991.6
-99.7,-11000.0
-115.4,-11006.8
-130.4,-11011.9
-145.1,-11015.6
-161.4,-11017.7
-176.6,-11019.7
-190.6,-11021.9
-203.7,-11025.0
-216.0,-11029.0
-225.1,-11037.5
-229.2,-11049.0
-232.7,-11062.0
-238.6,-11075.1
-244.8,-11089.0
-251.0,-11102.9
-256.1,-11117.0
-256.4,-11131.1
-254.7,-11146.6
-251.4,-11160.8
-244.8,-11172.5
-236.6,-11183.2
-226.2,-11194.2
-216.0,-11206.2
-208.7,-11219.3
-205.3,-11233.2
-204.3,-11247.3
-204.6,-11261.4
-209.1,-11273.9
-215.6,-11285.3
-224.4,-11296.5
-235.6,-11307.4
-247.0,-11319.1
-261.0,-11331.1
-277.6,-11343.6
-293.3,-11356.9
-310.1,-11370.1
-328.0,-11382.8
-344.8,-11396.0
-360.4,-11409.2
-376.2,-11422.8
-390.1,-11437.9
-403.3,-11454.4
-417.9,-11471.5
-431.7,-11489.4
-446.3,-11506.6
-461.0,-11523.8
-475.6,-11541.0
-491.3,-11557.8
-506.0,-11574.9
-522.6,-11590.7
-538.8,-11605.7
-554.8,-11619.8
-570.6,-11633.3
-586.2,-11646.6
-599.7,-11660.7
-611.2,-11675.6
-620.4,-11691.5
-627.6,-11708.0
-632.5,-11724.9
-634.2,-11743.1
-634.2,-11763.4
-635.8,-11784.4
-636.5,-11806.5
-637.2,-11828.8
-636.9,-11851.4
-638.4,-11872.6
-641.8,-11892.1
-646.1,-11910.8
-650.5,-11929.7
-657.2,-11948.3
-665.2,-11967.0
-675.5,-11985.8
-688.4,-12004.6
-700.2,-12024.4
-713.4,-12044.0
-726.4,-12063.4
-739.4,-12082.7
-752.4,-12101.9
-767.5,-12120.4
-781.6,-12139.3
-795.6,-12158.2
-810.9,-12176.8
-825.9,-12195.2
-841.8,-12212.3
-856.3,-12229.3
-870.8,-12246.0
-886.3,-12262.1
-900.8,-12278.9
-915.3,-12295.7
-931.0,-12312.3
-945.5,-12329.3
-961.1,-12345.7
-976.6,-12361.6
-990.9,-12378.0
-1005.3,-12394.5
-1019.8,-12411.2
-1035.2,-12426.9
-1048.1,-12443.1
-1062.3,-12458.9
-1075.3,-12474.8
-1087.2,-12491.2
-1100.3,-12507.5
-1112.4,-12524.1
-1123.4,-12541.6
-1133.6,-12559.6
-1143.8,-12578.1
-1153.0,-12596.8
-1162.1,-12615.4
-1170.1,-12634.4
-1178.2,-12653.5
-1186.4,-12672.7
-1193.4,-12692.5
-1199.5,-12712.9
-1205.6,-12733.1
-1210.6,-12753.7
-1214.5,-12774.8
-1218.6,-12796.3
-1222.6,-12817.4
-1225.4,-12838.7
-1227.0,-12860.1
-1227.7,-12882.1
-1229.2,-12903.2
-1229.5,-12924.1
-1228.6,-12945.4
-1226.8,-12967.0
-1224.8,-12988.3
-1221.6,-13009.9
-1219.4,-13030.8
-1215.0,-13052.2
-1211.6,-13073.0
-1208.2,-13093.8
-1203.7,-13114.9
-1200.3,-13135.7
-1196.9,-13156.6
-1193.5,-13177.6
-1189.1,-13199.0
-1185.9,-13220.1
-1182.5,-13241.0
-1179.0,-13261.5
-1175.4,-13281.8
-1168.7,-13321.0
-1164.7,-13340.2
-1160.5,-13358.9
-1156.3,-13377.2
-1151.9,-13395.3
-1146.3,-13413.5
-1142.8,-13430.6
-1138.0,-13447.5
-1133.0,-13463.8
-1128.9,-13478.9
-1124.5,-13493.5
-1121.0,-13507.3
-1117.2,-13520.0
-1114.0,-13531.2
-1111.2,-13540.2
-1111.0,-13546.1
-1111.4,-13550.4
-1113.5,-13553.0
-1117.4,-13554.0
-1120.1,-13555.1
-1123.9,-13555.5
-1126.5,-13556.1
-1129.2,-13557.0
-1129.9,-13558.9
-1131.6,-13560.3
-1131.0,-13562.1
-1131.2,-13562.5
-1131.1,-13562.4
-1131.0,-13562.1
-1130.7,-13561.4
-1130.4,-13560.5
-1131.1,-13559.2
-1130.9,-13558.5
-1130.7,-13557.9
-1131.4,-13556.7
-1132.1,-13555.3
-1132.8,-13554.1
-1133.7,-13553.2
-1133.6,-13553.0
-1133.6,-13552.9
-1133.6,-13552.8
-1134.6,-13552.3
-1134.6,-13552.3
-1134.5,-13552.2
-1134.5,-13552.2
-1133.5,-13552.5
-1133.5,-13552.5
-1133.4,-13552.3
-1133.4,-13552.3
-1133.4,-13552.3
-1133.4,-13552.3
-1133.4,-13552.3
-1133.4,-13552.3
-1133.4,-13552.3
-1133.4,-13552.3
-1133.4,-13552.3
-1133.3,-13552.2
-1133.3,-13552.2
-1133.3,-13552.2
-1133.3,-13552.2
-1133.3,-13552.2
-1133.3,-13552.2
-1133.3,-13552.2
-1133.3,-13552.1
-1133.3,-13552.1
-1133.3,-13552.1
-1133.3,-13552.1
-1133.3,-13552.1
-1133.3,-13552.0
-1133.3,-13552.0
-1133.2,-13551.9
-1133.2,-13551.9
-1134.2,-13551.4
-1134.2,-13551.4
-1134.2,-13551.3
-1134.2,-13551.3
-1134.2,-13551.3
-1134.2,-13551.3
-1134.2,-13551.3
-1134.2,-13551.2
-1134.2,-13551.2
-1134.2,-13551.2
-1134.2,-13551.2
-1134.2,-13551.2
-1134.2,-13551.2
-1134.2,-13551.2
-1134.2,-13551.2
-1135.2,-13550.9
-1135.2,-13550.9
-1135.2,-13550.9
-1135.2,-13550.9
-1135.2,-13550.7
-1135.2,-13550.7
-1135.2,-13550.7
-1135.2,-13550.7
-1135.2,-13550.7
-1135.2,-13550.7
-1135.2,-13550.7
-1135.2,-13550.7
-1135.2,-13550.7
-1135.2,-13550.7
-1135.2,-13550.7
-1135.2,-13550.7
-1135.2,-13550.9
-1135.2,-13550.9
-1135.2,-13550.9
-1135.2,-13550.9
-1135.2,-13550.9
-1135.2,-13550.9
-1135.2,-13550.9
-1135.2,-13550.9
-1135.2,-13550.9
-1135.2,-13550.9
-1135.2,-13550.9
-1135.2,-13550.9
-1135.2,-13550.7
-1135.2,-13550.7
-1135.2,-13550.7
-1135.2,-13550.7
-1135.2,-13550.7
-1135.2,-13550.7
-1135.2,-13550.7
-1135.2,-13550.7
-1135.2,-13550.7
-1135.2,-13550.7
-1135.2,-13550.7
-1135.2,-13550.7
-1135.2,-13550.7
-1135.2,-13550.7
-1135.2,-13550.7
-1135.2,-13550.7
-1135.2,-13550.7
-1135.2,-13550.7
-1135.2,-13550.7
-1135.2,-13550.7
-1135.2,-13550.7
-1136.2,-13550.4
-1136.2,-13550.4
-1136.2,-13550.4
-1136.2,-13550.4
-1136.2,-13550.4
-1135.2,-13550.7
-1135.2,-13550.7
-1135.2,-13550.7
-1135.2,-13550.7
-1136.2,-13550.4
-1136.2,-13550.4
-1136.2,-13550.4
-1136.3,-13550.5
-1136.3,-13550.5
-1136.3,-13550.5
-1136.3,-13550.5
-1136.3,-13550.5
-1136.3,-13550.5
-1136.3,-13550.5
-1136.3,-13550.5
-1136.3,-13550.5
-1136.3,-13550.5
-1136.3,-13550.5
-1136.3,-13550.5
-1136.3,-13550.5
-1136.3,-13550.5
-1136.3,-13550.5
-1136.3,-13550.5
-1136.3,-13550.5
-1136.3,-13550.5
-1136.3,-13550.6
-1136.3,-13550.6
-1136.3,-13550.6
-1136.3,-13550.6
-1136.3,-13550.6
-1136.4,-13550.7
-1135.4,-13551.2
-1133.2,-13551.7
-1129.6,-13551.6
-295.0,-16465.3
-295.0,-16465.3
-295.0,-16465.2
-295.0,-16465.2
-295.0,-16465.2
-296.0,-16464.9
-296.0,-16464.9
-296.0,-16464.9
-296.0,-16464.9
-296.0,-16464.9
-296.0,-16464.9
-296.0,-16464.9
-296.0,-16464.9
-296.0,-16464.9
-296.0,-16464.9
-296.0,-16464.7
-296.0,-16464.7
-296.0,-16464.7
-296.0,-16464.7
-296.0,-16464.7
-296.0,-16464.7
-297.0,-16464.4
-297.0,-16464.4
-297.0,-16464.4
-297.0,-16464.4
-297.0,-16464.4
-297.0,-16464.4
-297.0,-16464.4
-297.0,-16464.4
-297.0,-16464.4
-297.0,-16464.4
-297.0,-16464.2
